10	421
10.02	473
10.04	415
10.06	463
10.08	398
10.1	387
10.12	424
10.14	422
10.16	434
10.18	421
10.2	443
10.22	406
10.24	395
10.26	415
10.28	430
10.3	410
10.32	405
10.34	407
10.36	395
10.38	406
10.4	416
10.42	438
10.44	405
10.46	395
10.48	384
10.5	392
10.52	402
10.54	403
10.56	428
10.58	401
10.6	356
10.62	400
10.64	370
10.66	432
10.68	413
10.7	450
10.72	374
10.74	418
10.76	414
10.78	406
10.8	396
10.82	398
10.84	389
10.86	438
10.88	385
10.9	416
10.92	457
10.94	417
10.96	404
10.98	389
11	381
11.02	381
11.04	437
11.06	424
11.08	421
11.1	401
11.12	334
11.14	401
11.16	392
11.18	389
11.2	369
11.22	360
11.24	387
11.26	397
11.28	375
11.3	375
11.32	407
11.34	411
11.36	350
11.38	395
11.4	361
11.42	367
11.44	373
11.46	401
11.48	405
11.5	384
11.52	376
11.54	392
11.56	375
11.58	364
11.6	339
11.62	396
11.64	330
11.66	342
11.68	396
11.7	354
11.72	333
11.74	345
11.76	370
11.78	374
11.8	368
11.82	334
11.84	374
11.86	351
11.88	346
11.9	395
11.92	352
11.94	357
11.96	331
11.98	366
12	346
12.02	368
12.04	383
12.06	354
12.08	343
12.1	339
12.12	336
12.14	348
12.16	346
12.18	381
12.2	355
12.22	353
12.24	383
12.26	360
12.28	380
12.3	365
12.32	343
12.34	323
12.36	359
12.38	319
12.4	343
12.42	335
12.44	379
12.46	354
12.48	356
12.5	337
12.52	342
12.54	313
12.56	341
12.58	352
12.6	316
12.62	325
12.64	321
12.66	319
12.68	340
12.7	334
12.72	301
12.74	337
12.76	331
12.78	332
12.8	358
12.82	325
12.84	325
12.86	369
12.88	328
12.9	359
12.92	368
12.94	321
12.96	312
12.98	346
13	326
13.02	333
13.04	337
13.06	319
13.08	322
13.1	316
13.12	341
13.14	337
13.16	331
13.18	325
13.2	320
13.22	308
13.24	294
13.26	326
13.28	304
13.3	300
13.32	309
13.34	334
13.36	299
13.38	282
13.4	296
13.42	287
13.44	292
13.46	282
13.48	326
13.5	332
13.52	279
13.54	300
13.56	279
13.58	303
13.6	293
13.62	302
13.64	296
13.66	299
13.68	316
13.7	304
13.72	335
13.74	311
13.76	294
13.78	303
13.8	294
13.82	295
13.84	293
13.86	285
13.88	301
13.9	311
13.92	310
13.94	346
13.96	259
13.98	296
14	300
14.02	280
14.04	285
14.06	322
14.08	283
14.1	299
14.12	304
14.14	302
14.16	292
14.18	269
14.2	279
14.22	309
14.24	298
14.26	316
14.28	291
14.3	314
14.32	291
14.34	269
14.36	299
14.38	286
14.4	270
14.42	314
14.44	284
14.46	311
14.48	287
14.5	289
14.52	266
14.54	293
14.56	305
14.58	283
14.6	256
14.62	286
14.64	291
14.66	271
14.68	290
14.7	295
14.72	294
14.74	276
14.76	299
14.78	262
14.8	275
14.82	288
14.84	296
14.86	268
14.88	294
14.9	266
14.92	307
14.94	268
14.96	263
14.98	290
15	277
15.02	305
15.04	303
15.06	265
15.08	318
15.1	295
15.12	271
15.14	291
15.16	281
15.18	270
15.2	269
15.22	284
15.24	267
15.26	247
15.28	301
15.3	273
15.32	270
15.34	248
15.36	318
15.38	244
15.4	259
15.42	272
15.44	277
15.46	243
15.48	298
15.5	263
15.52	250
15.54	281
15.56	277
15.58	286
15.6	244
15.62	275
15.64	277
15.66	290
15.68	253
15.7	308
15.72	272
15.74	273
15.76	253
15.78	256
15.8	251
15.82	252
15.84	272
15.86	274
15.88	284
15.9	270
15.92	249
15.94	267
15.96	289
15.98	276
16	280
16.02	254
16.04	293
16.06	272
16.08	258
16.1	294
16.12	268
16.14	258
16.16	273
16.18	251
16.2	241
16.22	239
16.24	297
16.26	282
16.28	255
16.3	246
16.32	266
16.34	260
16.36	280
16.38	303
16.4	279
16.42	244
16.44	297
16.46	264
16.48	290
16.5	287
16.52	234
16.54	290
16.56	250
16.58	276
16.6	272
16.62	249
16.64	249
16.66	279
16.68	281
16.7	269
16.72	275
16.74	282
16.76	289
16.78	262
16.8	255
16.82	237
16.84	246
16.86	267
16.88	289
16.9	262
16.92	294
16.94	286
16.96	274
16.98	263
17	236
17.02	240
17.04	288
17.06	263
17.08	292
17.1	268
17.12	248
17.14	266
17.16	224
17.18	272
17.2	250
17.22	218
17.24	277
17.26	261
17.28	230
17.3	240
17.32	245
17.34	239
17.36	253
17.38	241
17.4	268
17.42	254
17.44	229
17.46	253
17.48	258
17.5	227
17.52	239
17.54	260
17.56	232
17.58	252
17.6	263
17.62	279
17.64	243
17.66	239
17.68	259
17.7	253
17.72	248
17.74	239
17.76	261
17.78	252
17.8	242
17.82	256
17.84	269
17.86	267
17.88	249
17.9	264
17.92	239
17.94	235
17.96	248
17.98	263
18	259
18.02	245
18.04	258
18.06	233
18.08	238
18.1	233
18.12	216
18.14	234
18.16	241
18.18	243
18.2	200
18.22	212
18.24	241
18.26	244
18.28	234
18.3	231
18.32	208
18.34	221
18.36	208
18.38	257
18.4	217
18.42	226
18.44	248
18.46	230
18.48	213
18.5	227
18.52	243
18.54	218
18.56	254
18.58	236
18.6	221
18.62	247
18.64	249
18.66	221
18.68	219
18.7	233
18.72	228
18.74	248
18.76	236
18.78	244
18.8	232
18.82	223
18.84	226
18.86	232
18.88	240
18.9	223
18.92	262
18.94	231
18.96	211
18.98	191
19	207
19.02	235
19.04	243
19.06	198
19.08	191
19.1	232
19.12	218
19.14	234
19.16	215
19.18	217
19.2	248
19.22	222
19.24	218
19.26	249
19.28	191
19.3	240
19.32	205
19.34	220
19.36	219
19.38	224
19.4	202
19.42	198
19.44	241
19.46	183
19.48	223
19.5	244
19.52	245
19.54	219
19.56	213
19.58	211
19.6	219
19.62	217
19.64	238
19.66	222
19.68	222
19.7	196
19.72	203
19.74	222
19.76	210
19.78	212
19.8	245
19.82	219
19.84	230
19.86	205
19.88	219
19.9	212
19.92	225
19.94	203
19.96	191
19.98	248
20	190
20.02	215
20.04	221
20.06	204
20.08	248
20.1	220
20.12	219
20.14	247
20.16	240
20.18	215
20.2	227
20.22	240
20.24	203
20.26	204
20.28	223
20.3	224
20.32	199
20.34	213
20.36	203
20.38	216
20.4	205
20.42	202
20.44	192
20.46	203
20.48	221
20.5	225
20.52	224
20.54	211
20.56	192
20.58	214
20.6	201
20.62	211
20.64	207
20.66	215
20.68	189
20.7	203
20.72	199
20.74	196
20.76	187
20.78	205
20.8	195
20.82	204
20.84	211
20.86	211
20.88	174
20.9	191
20.92	197
20.94	195
20.96	205
20.98	215
21	217
21.02	223
21.04	201
21.06	202
21.08	181
21.1	228
21.12	202
21.14	172
21.16	190
21.18	168
21.2	203
21.22	194
21.24	205
21.26	199
21.28	183
21.3	209
21.32	177
21.34	192
21.36	188
21.38	186
21.4	183
21.42	199
21.44	222
21.46	191
21.48	180
21.5	186
21.52	206
21.54	190
21.56	184
21.58	180
21.6	191
21.62	190
21.64	186
21.66	202
21.68	177
21.7	192
21.72	201
21.74	188
21.76	175
21.78	191
21.8	185
21.82	198
21.84	196
21.86	206
21.88	209
21.9	190
21.92	186
21.94	190
21.96	217
21.98	173
22	209
22.02	195
22.04	193
22.06	182
22.08	179
22.1	189
22.12	188
22.14	206
22.16	178
22.18	175
22.2	199
22.22	191
22.24	199
22.26	185
22.28	195
22.3	233
22.32	208
22.34	219
22.36	177
22.38	199
22.4	180
22.42	167
22.44	174
22.46	201
22.48	189
22.5	188
22.52	210
22.54	181
22.56	203
22.58	203
22.6	184
22.62	195
22.64	216
22.66	216
22.68	208
22.7	201
22.72	222
22.74	228
22.76	197
22.78	218
22.8	267
22.82	233
22.84	257
22.86	277
22.88	285
22.9	290
22.92	336
22.94	316
22.96	367
22.98	380
23	404
23.02	481
23.04	504
23.06	652
23.08	728
23.1	849
23.12	1007
23.14	1288
23.16	1438
23.18	1705
23.2	1920
23.22	2204
23.24	2238
23.26	2223
23.28	2088
23.3	1964
23.32	1577
23.34	1329
23.36	1032
23.38	830
23.4	668
23.42	512
23.44	418
23.46	355
23.48	321
23.5	298
23.52	239
23.54	250
23.56	252
23.58	238
23.6	228
23.62	225
23.64	220
23.66	229
23.68	197
23.7	224
23.72	207
23.74	196
23.76	205
23.78	191
23.8	186
23.82	190
23.84	196
23.86	182
23.88	172
23.9	172
23.92	193
23.94	212
23.96	157
23.98	183
24	159
24.02	168
24.04	169
24.06	163
24.08	180
24.1	174
24.12	188
24.14	186
24.16	204
24.18	169
24.2	191
24.22	173
24.24	199
24.26	189
24.28	159
24.3	154
24.32	150
24.34	171
24.36	176
24.38	152
24.4	173
24.42	168
24.44	179
24.46	180
24.48	166
24.5	172
24.52	176
24.54	188
24.56	171
24.58	170
24.6	177
24.62	173
24.64	178
24.66	157
24.68	190
24.7	166
24.72	182
24.74	167
24.76	175
24.78	163
24.8	142
24.82	188
24.84	174
24.86	181
24.88	160
24.9	194
24.92	181
24.94	156
24.96	166
24.98	192
25	164
25.02	179
25.04	192
25.06	166
25.08	175
25.1	161
25.12	149
25.14	179
25.16	200
25.18	177
25.2	144
25.22	168
25.24	163
25.26	173
25.28	159
25.3	196
25.32	165
25.34	193
25.36	185
25.38	204
25.4	207
25.42	185
25.44	204
25.46	205
25.48	208
25.5	185
25.52	204
25.54	187
25.56	185
25.58	208
25.6	206
25.62	227
25.64	255
25.66	217
25.68	237
25.7	247
25.72	270
25.74	265
25.76	299
25.78	304
25.8	302
25.82	352
25.84	340
25.86	383
25.88	368
25.9	475
25.92	470
25.94	491
25.96	465
25.98	507
26	527
26.02	525
26.04	483
26.06	533
26.08	498
26.1	523
26.12	428
26.14	476
26.16	428
26.18	398
26.2	343
26.22	344
26.24	301
26.26	287
26.28	255
26.3	307
26.32	223
26.34	224
26.36	238
26.38	253
26.4	213
26.42	177
26.44	183
26.46	195
26.48	192
26.5	172
26.52	188
26.54	201
26.56	174
26.58	165
26.6	194
26.62	163
26.64	185
26.66	155
26.68	186
26.7	166
26.72	169
26.74	167
26.76	188
26.78	188
26.8	161
26.82	178
26.84	155
26.86	134
26.88	143
26.9	166
26.92	160
26.94	170
26.96	169
26.98	160
27	165
27.02	171
27.04	163
27.06	164
27.08	165
27.1	155
27.12	185
27.14	146
27.16	147
27.18	162
27.2	152
27.22	137
27.24	163
27.26	172
27.28	140
27.3	160
27.32	126
27.34	156
27.36	162
27.38	144
27.4	144
27.42	168
27.44	141
27.46	140
27.48	161
27.5	169
27.52	170
27.54	148
27.56	153
27.58	152
27.6	158
27.62	119
27.64	148
27.66	139
27.68	148
27.7	150
27.72	146
27.74	142
27.76	134
27.78	168
27.8	163
27.82	152
27.84	152
27.86	154
27.88	169
27.9	157
27.92	163
27.94	155
27.96	160
27.98	161
28	158
28.02	127
28.04	140
28.06	157
28.08	127
28.1	149
28.12	144
28.14	153
28.16	147
28.18	179
28.2	158
28.22	167
28.24	157
28.26	145
28.28	149
28.3	162
28.32	166
28.34	157
28.36	157
28.38	162
28.4	129
28.42	129
28.44	142
28.46	163
28.48	163
28.5	136
28.52	152
28.54	151
28.56	142
28.58	176
28.6	180
28.62	136
28.64	161
28.66	171
28.68	153
28.7	144
28.72	142
28.74	143
28.76	147
28.78	159
28.8	158
28.82	144
28.84	136
28.86	151
28.88	138
28.9	159
28.92	145
28.94	157
28.96	147
28.98	172
29	136
29.02	156
29.04	167
29.06	149
29.08	137
29.1	136
29.12	145
29.14	151
29.16	136
29.18	145
29.2	151
29.22	140
29.24	131
29.26	137
29.28	155
29.3	135
29.32	161
29.34	141
29.36	153
29.38	165
29.4	156
29.42	154
29.44	166
29.46	167
29.48	147
29.5	162
29.52	162
29.54	148
29.56	150
29.58	145
29.6	159
29.62	139
29.64	122
29.66	150
29.68	153
29.7	157
29.72	135
29.74	121
29.76	148
29.78	149
29.8	165
29.82	144
29.84	159
29.86	141
29.88	139
29.9	149
29.92	151
29.94	139
29.96	159
29.98	143
30	153
30.02	159
30.04	146
30.06	149
30.08	157
30.1	154
30.12	166
30.14	145
30.16	159
30.18	156
30.2	160
30.22	161
30.24	150
30.26	152
30.28	154
30.3	131
30.32	146
30.34	167
30.36	143
30.38	164
30.4	159
30.42	175
30.44	165
30.46	134
30.48	151
30.5	137
30.52	150
30.54	164
30.56	152
30.58	140
30.6	145
30.62	135
30.64	136
30.66	131
30.68	141
30.7	146
30.72	159
30.74	169
30.76	144
30.78	129
30.8	166
30.82	163
30.84	161
30.86	149
30.88	138
30.9	149
30.92	147
30.94	164
30.96	192
30.98	149
31	139
31.02	149
31.04	150
31.06	133
31.08	139
31.1	143
31.12	150
31.14	163
31.16	142
31.18	146
31.2	139
31.22	133
31.24	159
31.26	153
31.28	138
31.3	143
31.32	148
31.34	138
31.36	141
31.38	163
31.4	135
31.42	154
31.44	147
31.46	140
31.48	148
31.5	155
31.52	171
31.54	142
31.56	152
31.58	141
31.6	150
31.62	136
31.64	131
31.66	144
31.68	131
31.7	154
31.72	149
31.74	175
31.76	138
31.78	166
31.8	165
31.82	164
31.84	165
31.86	136
31.88	170
31.9	181
31.92	192
31.94	157
31.96	171
31.98	154
32	174
32.02	194
32.04	197
32.06	217
32.08	195
32.1	189
32.12	235
32.14	208
32.16	237
32.18	228
32.2	234
32.22	249
32.24	279
32.26	257
32.28	275
32.3	272
32.32	265
32.34	277
32.36	285
32.38	311
32.4	309
32.42	311
32.44	323
32.46	338
32.48	398
32.5	372
32.52	383
32.54	441
32.56	427
32.58	493
32.6	553
32.62	595
32.64	617
32.66	729
32.68	776
32.7	868
32.72	914
32.74	1064
32.76	1212
32.78	1346
32.8	1561
32.82	1788
32.84	2162
32.86	2509
32.88	3134
32.9	3646
32.92	4452
32.94	5602
32.96	6947
32.98	8409
33	10733
33.02	13739
33.04	17055
33.06	21038
33.08	24380
33.1	27491
33.12	28818
33.14	29322
33.16	27476
33.18	24416
33.2	20947
33.22	17555
33.24	14144
33.26	11150
33.28	8098
33.3	5852
33.32	4239
33.34	3020
33.36	2349
33.38	1892
33.4	1630
33.42	1345
33.44	1191
33.46	1047
33.48	928
33.5	828
33.52	738
33.54	653
33.56	619
33.58	539
33.6	487
33.62	444
33.64	451
33.66	431
33.68	397
33.7	398
33.72	297
33.74	332
33.76	309
33.78	312
33.8	255
33.82	262
33.84	251
33.86	255
33.88	240
33.9	221
33.92	203
33.94	217
33.96	234
33.98	240
34	198
34.02	227
34.04	186
34.06	191
34.08	196
34.1	176
34.12	180
34.14	155
34.16	156
34.18	175
34.2	169
34.22	176
34.24	162
34.26	167
34.28	169
34.3	159
34.32	146
34.34	153
34.36	150
34.38	164
34.4	163
34.42	176
34.44	144
34.46	138
34.48	178
34.5	159
34.52	148
34.54	148
34.56	174
34.58	164
34.6	161
34.62	136
34.64	146
34.66	152
34.68	177
34.7	162
34.72	170
34.74	159
34.76	185
34.78	180
34.8	195
34.82	201
34.84	218
34.86	212
34.88	206
34.9	234
34.92	263
34.94	232
34.96	254
34.98	275
35	320
35.02	295
35.04	392
35.06	370
35.08	363
35.1	379
35.12	378
35.14	398
35.16	352
35.18	361
35.2	316
35.22	325
35.24	292
35.26	311
35.28	278
35.3	245
35.32	238
35.34	226
35.36	213
35.38	192
35.4	170
35.42	156
35.44	158
35.46	149
35.48	156
35.5	129
35.52	139
35.54	143
35.56	132
35.58	128
35.6	121
35.62	136
35.64	111
35.66	115
35.68	136
35.7	126
35.72	122
35.74	138
35.76	111
35.78	115
35.8	119
35.82	92
35.84	108
35.86	115
35.88	113
35.9	121
35.92	109
35.94	124
35.96	117
35.98	115
36	130
36.02	121
36.04	107
36.06	126
36.08	95
36.1	116
36.12	127
36.14	109
36.16	108
36.18	108
36.2	107
36.22	111
36.24	108
36.26	110
36.28	116
36.3	127
36.32	127
36.34	116
36.36	105
36.38	109
36.4	103
36.42	108
36.44	120
36.46	87
36.48	103
36.5	103
36.52	121
36.54	106
36.56	126
36.58	107
36.6	107
36.62	126
36.64	93
36.66	94
36.68	103
36.7	89
36.72	108
36.74	124
36.76	123
36.78	97
36.8	118
36.82	106
36.84	106
36.86	122
36.88	104
36.9	106
36.92	101
36.94	124
36.96	127
36.98	116
37	131
37.02	128
37.04	124
37.06	147
37.08	122
37.1	134
37.12	150
37.14	141
37.16	146
37.18	134
37.2	149
37.22	124
37.24	120
37.26	120
37.28	131
37.3	120
37.32	118
37.34	100
37.36	102
37.38	118
37.4	127
37.42	115
37.44	113
37.46	95
37.48	110
37.5	102
37.52	102
37.54	102
37.56	98
37.58	110
37.6	109
37.62	120
37.64	104
37.66	104
37.68	105
37.7	84
37.72	74
37.74	113
37.76	102
37.78	109
37.8	107
37.82	108
37.84	120
37.86	93
37.88	105
37.9	86
37.92	108
37.94	120
37.96	96
37.98	108
38	108
38.02	95
38.04	93
38.06	95
38.08	91
38.1	98
38.12	88
38.14	88
38.16	87
38.18	99
38.2	95
38.22	113
38.24	106
38.26	103
38.28	95
38.3	94
38.32	94
38.34	94
38.36	97
38.38	84
38.4	111
38.42	102
38.44	125
38.46	96
38.48	100
38.5	111
38.52	92
38.54	86
38.56	102
38.58	100
38.6	82
38.62	113
38.64	120
38.66	99
38.68	112
38.7	95
38.72	121
38.74	112
38.76	114
38.78	118
38.8	131
38.82	132
38.84	155
38.86	157
38.88	171
38.9	204
38.92	247
38.94	279
38.96	255
38.98	329
39	342
39.02	354
39.04	413
39.06	401
39.08	432
39.1	388
39.12	371
39.14	370
39.16	378
39.18	311
39.2	271
39.22	240
39.24	203
39.26	198
39.28	179
39.3	157
39.32	156
39.34	148
39.36	139
39.38	136
39.4	122
39.42	117
39.44	107
39.46	141
39.48	111
39.5	99
39.52	100
39.54	118
39.56	115
39.58	130
39.6	114
39.62	109
39.64	112
39.66	99
39.68	114
39.7	111
39.72	109
39.74	96
39.76	91
39.78	107
39.8	106
39.82	134
39.84	114
39.86	121
39.88	119
39.9	114
39.92	126
39.94	123
39.96	118
39.98	116
40	137
40.02	116
40.04	116
40.06	122
40.08	137
40.1	138
40.12	129
40.14	123
40.16	131
40.18	127
40.2	132
40.22	127
40.24	115
40.26	141
40.28	164
40.3	124
40.32	155
40.34	128
40.36	152
40.38	138
40.4	171
40.42	168
40.44	178
40.46	197
40.48	245
40.5	234
40.52	240
40.54	301
40.56	312
40.58	349
40.6	381
40.62	487
40.64	546
40.66	647
40.68	793
40.7	1047
40.72	1239
40.74	1662
40.76	2062
40.78	2525
40.8	2964
40.82	3448
40.84	3886
40.86	3987
40.88	3906
40.9	3841
40.92	3428
40.94	3079
40.96	2700
40.98	2562
41	2043
41.02	1620
41.04	1296
41.06	1049
41.08	812
41.1	632
41.12	478
41.14	418
41.16	330
41.18	322
41.2	274
41.22	223
41.24	210
41.26	235
41.28	189
41.3	204
41.32	168
41.34	152
41.36	149
41.38	165
41.4	162
41.42	143
41.44	138
41.46	138
41.48	163
41.5	130
41.52	148
41.54	144
41.56	127
41.58	114
41.6	125
41.62	141
41.64	129
41.66	137
41.68	122
41.7	117
41.72	109
41.74	137
41.76	110
41.78	93
41.8	128
41.82	120
41.84	125
41.86	94
41.88	105
41.9	120
41.92	111
41.94	115
41.96	110
41.98	117
42	134
42.02	107
42.04	113
42.06	104
42.08	102
42.1	122
42.12	127
42.14	125
42.16	131
42.18	127
42.2	131
42.22	140
42.24	124
42.26	148
42.28	138
42.3	132
42.32	144
42.34	138
42.36	147
42.38	153
42.4	155
42.42	187
42.44	162
42.46	166
42.48	208
42.5	187
42.52	203
42.54	195
42.56	214
42.58	225
42.6	233
42.62	232
42.64	246
42.66	241
42.68	207
42.7	213
42.72	212
42.74	223
42.76	212
42.78	198
42.8	207
42.82	212
42.84	182
42.86	180
42.88	172
42.9	180
42.92	159
42.94	174
42.96	174
42.98	148
43	145
43.02	117
43.04	127
43.06	135
43.08	121
43.1	142
43.12	141
43.14	114
43.16	142
43.18	127
43.2	116
43.22	96
43.24	118
43.26	118
43.28	126
43.3	109
43.32	127
43.34	121
43.36	127
43.38	112
43.4	119
43.42	117
43.44	120
43.46	137
43.48	125
43.5	115
43.52	115
43.54	138
43.56	110
43.58	124
43.6	113
43.62	118
43.64	119
43.66	133
43.68	107
43.7	147
43.72	131
43.74	137
43.76	120
43.78	119
43.8	138
43.82	127
43.84	126
43.86	135
43.88	125
43.9	128
43.92	130
43.94	132
43.96	124
43.98	142
44	134
44.02	160
44.04	152
44.06	159
44.08	163
44.1	152
44.12	157
44.14	196
44.16	173
44.18	165
44.2	186
44.22	173
44.24	187
44.26	192
44.28	204
44.3	210
44.32	202
44.34	187
44.36	190
44.38	205
44.4	215
44.42	184
44.44	205
44.46	195
44.48	194
44.5	190
44.52	191
44.54	173
44.56	150
44.58	156
44.6	187
44.62	165
44.64	157
44.66	167
44.68	164
44.7	167
44.72	166
44.74	156
44.76	139
44.78	165
44.8	152
44.82	146
44.84	143
44.86	142
44.88	131
44.9	127
44.92	102
44.94	134
44.96	144
44.98	125
45	131
45.02	114
45.04	113
45.06	122
45.08	127
45.1	124
45.12	132
45.14	143
45.16	135
45.18	125
45.2	113
45.22	113
45.24	139
45.26	125
45.28	101
45.3	129
45.32	105
45.34	108
45.36	130
45.38	105
45.4	116
45.42	103
45.44	139
45.46	127
45.48	116
45.5	101
45.52	100
45.54	106
45.56	112
45.58	125
45.6	95
45.62	131
45.64	122
45.66	125
45.68	132
45.7	123
45.72	126
45.74	116
45.76	133
45.78	137
45.8	142
45.82	138
45.84	131
45.86	108
45.88	106
45.9	125
45.92	102
45.94	121
45.96	134
45.98	119
46	122
46.02	103
46.04	139
46.06	132
46.08	124
46.1	131
46.12	124
46.14	125
46.16	124
46.18	128
46.2	117
46.22	112
46.24	142
46.26	134
46.28	123
46.3	104
46.32	149
46.34	112
46.36	145
46.38	156
46.4	140
46.42	133
46.44	148
46.46	150
46.48	139
46.5	134
46.52	163
46.54	131
46.56	147
46.58	169
46.6	157
46.62	162
46.64	187
46.66	161
46.68	180
46.7	190
46.72	191
46.74	179
46.76	182
46.78	184
46.8	193
46.82	189
46.84	218
46.86	229
46.88	200
46.9	210
46.92	205
46.94	230
46.96	267
46.98	252
47	248
47.02	276
47.04	316
47.06	306
47.08	322
47.1	349
47.12	395
47.14	436
47.16	482
47.18	511
47.2	556
47.22	600
47.24	762
47.26	840
47.28	1019
47.3	1117
47.32	1240
47.34	1606
47.36	1936
47.38	2395
47.4	2874
47.42	3521
47.44	4171
47.46	4896
47.48	5393
47.5	6007
47.52	6440
47.54	6616
47.56	6739
47.58	6429
47.6	6140
47.62	5837
47.64	5273
47.66	4811
47.68	4339
47.7	3798
47.72	3274
47.74	2802
47.76	2341
47.78	1925
47.8	1672
47.82	1272
47.84	1070
47.86	956
47.88	808
47.9	638
47.92	615
47.94	575
47.96	494
47.98	431
48	370
48.02	327
48.04	329
48.06	334
48.08	271
48.1	273
48.12	275
48.14	257
48.16	274
48.18	218
48.2	231
48.22	238
48.24	230
48.26	234
48.28	200
48.3	203
48.32	219
48.34	203
48.36	205
48.38	189
48.4	202
48.42	190
48.44	189
48.46	200
48.48	192
48.5	216
48.52	197
48.54	184
48.56	199
48.58	187
48.6	166
48.62	191
48.64	199
48.66	167
48.68	199
48.7	238
48.72	237
48.74	231
48.76	226
48.78	265
48.8	257
48.82	288
48.84	301
48.86	291
48.88	329
48.9	317
48.92	317
48.94	379
48.96	404
48.98	462
49	455
49.02	475
49.04	436
49.06	496
49.08	504
49.1	509
49.12	535
49.14	498
49.16	460
49.18	447
49.2	440
49.22	365
49.24	362
49.26	359
49.28	340
49.3	294
49.32	287
49.34	265
49.36	270
49.38	217
49.4	221
49.42	187
49.44	204
49.46	203
49.48	181
49.5	144
49.52	156
49.54	160
49.56	170
49.58	169
49.6	140
49.62	138
49.64	164
49.66	112
49.68	127
49.7	143
49.72	128
49.74	132
49.76	129
49.78	123
49.8	115
49.82	135
49.84	122
49.86	127
49.88	131
49.9	113
49.92	141
49.94	116
49.96	128
49.98	133
50	109
50.02	119
50.04	114
50.06	131
50.08	125
50.1	117
50.12	111
50.14	122
50.16	107
50.18	99
50.2	120
50.22	134
50.24	125
50.26	99
50.28	109
50.3	108
50.32	113
50.34	118
50.36	126
50.38	113
50.4	114
50.42	95
50.44	105
50.46	94
50.48	105
50.5	105
50.52	97
50.54	121
50.56	111
50.58	130
50.6	97
50.62	111
50.64	125
50.66	119
50.68	111
50.7	116
50.72	113
50.74	97
50.76	91
50.78	115
50.8	95
50.82	110
50.84	117
50.86	101
50.88	103
50.9	97
50.92	109
50.94	125
50.96	109
50.98	97
51	99
51.02	111
51.04	105
51.06	103
51.08	101
51.1	98
51.12	100
51.14	108
51.16	84
51.18	99
51.2	110
51.22	87
51.24	111
51.26	103
51.28	108
51.3	127
51.32	133
51.34	113
51.36	104
51.38	127
51.4	100
51.42	120
51.44	122
51.46	110
51.48	112
51.5	112
51.52	116
51.54	106
51.56	100
51.58	95
51.6	118
51.62	94
51.64	112
51.66	111
51.68	104
51.7	111
51.72	108
51.74	114
51.76	104
51.78	101
51.8	107
51.82	114
51.84	115
51.86	113
51.88	111
51.9	117
51.92	114
51.94	140
51.96	123
51.98	108
52	121
52.02	128
52.04	164
52.06	155
52.08	157
52.1	173
52.12	170
52.14	199
52.16	163
52.18	180
52.2	170
52.22	151
52.24	158
52.26	151
52.28	155
52.3	154
52.32	131
52.34	136
52.36	131
52.38	144
52.4	129
52.42	103
52.44	124
52.46	103
52.48	110
52.5	130
52.52	111
52.54	117
52.56	120
52.58	125
52.6	121
52.62	107
52.64	117
52.66	114
52.68	92
52.7	123
52.72	117
52.74	128
52.76	122
52.78	89
52.8	109
52.82	114
52.84	132
52.86	113
52.88	118
52.9	115
52.92	116
52.94	113
52.96	95
52.98	109
53	129
53.02	118
53.04	126
53.06	97
53.08	95
53.1	120
53.12	104
53.14	124
53.16	139
53.18	119
53.2	139
53.22	134
53.24	124
53.26	142
53.28	149
53.3	179
53.32	176
53.34	176
53.36	191
53.38	229
53.4	274
53.42	326
53.44	336
53.46	410
53.48	467
53.5	522
53.52	669
53.54	725
53.56	759
53.58	782
53.6	814
53.62	809
53.64	765
53.66	693
53.68	684
53.7	630
53.72	603
53.74	517
53.76	475
53.78	412
53.8	383
53.82	311
53.84	311
53.86	274
53.88	242
53.9	197
53.92	187
53.94	193
53.96	154
53.98	144
54	168
54.02	132
54.04	137
54.06	122
54.08	158
54.1	158
54.12	143
54.14	142
54.16	135
54.18	155
54.2	122
54.22	159
54.24	142
54.26	139
54.28	117
54.3	129
54.32	130
54.34	138
54.36	142
54.38	147
54.4	144
54.42	147
54.44	174
54.46	163
54.48	170
54.5	182
54.52	171
54.54	171
54.56	187
54.58	202
54.6	216
54.62	211
54.64	246
54.66	258
54.68	264
54.7	298
54.72	281
54.74	339
54.76	352
54.78	395
54.8	456
54.82	453
54.84	454
54.86	534
54.88	494
54.9	485
54.92	496
54.94	482
54.96	497
54.98	525
55	452
55.02	435
55.04	421
55.06	413
55.08	400
55.1	380
55.12	315
55.14	339
55.16	267
55.18	290
55.2	275
55.22	255
55.24	239
55.26	237
55.28	220
55.3	174
55.32	194
55.34	161
55.36	184
55.38	156
55.4	152
55.42	154
55.44	149
55.46	146
55.48	145
55.5	127
55.52	122
55.54	124
55.56	110
55.58	104
55.6	114
55.62	114
55.64	99
55.66	102
55.68	107
55.7	105
55.72	129
55.74	112
55.76	114
55.78	118
55.8	123
55.82	97
55.84	100
55.86	106
55.88	118
55.9	113
55.92	103
55.94	104
55.96	96
55.98	96
56	98
56.02	100
56.04	98
56.06	123
56.08	100
56.1	104
56.12	95
56.14	104
56.16	105
56.18	102
56.2	120
56.22	112
56.24	89
56.26	107
56.28	96
56.3	110
56.32	101
56.34	106
56.36	99
56.38	101
56.4	92
56.42	94
56.44	90
56.46	84
56.48	98
56.5	104
56.52	110
56.54	115
56.56	97
56.58	112
56.6	94
56.62	88
56.64	117
56.66	95
56.68	106
56.7	94
56.72	107
56.74	101
56.76	105
56.78	99
56.8	100
56.82	113
56.84	102
56.86	110
56.88	111
56.9	111
56.92	102
56.94	82
56.96	104
56.98	102
57	88
57.02	110
57.04	108
57.06	113
57.08	125
57.1	110
57.12	124
57.14	80
57.16	96
57.18	127
57.2	112
57.22	100
57.24	100
57.26	116
57.28	102
57.3	114
57.32	107
57.34	123
57.36	105
57.38	121
57.4	126
57.42	120
57.44	123
57.46	127
57.48	108
57.5	130
57.52	127
57.54	122
57.56	116
57.58	117
57.6	116
57.62	136
57.64	118
57.66	125
57.68	100
57.7	133
57.72	139
57.74	138
57.76	104
57.78	115
57.8	121
57.82	134
57.84	137
57.86	131
57.88	131
57.9	124
57.92	145
57.94	146
57.96	135
57.98	133
58	155
58.02	143
58.04	154
58.06	156
58.08	149
58.1	131
58.12	131
58.14	125
58.16	156
58.18	170
58.2	175
58.22	148
58.24	163
58.26	163
58.28	170
58.3	194
58.32	185
58.34	175
58.36	168
58.38	201
58.4	177
58.42	193
58.44	194
58.46	196
58.48	196
58.5	215
58.52	226
58.54	227
58.56	228
58.58	251
58.6	235
58.62	271
58.64	291
58.66	337
58.68	337
58.7	354
58.72	441
58.74	418
58.76	428
58.78	542
58.8	566
58.82	630
58.84	660
58.86	851
58.88	876
58.9	1055
58.92	1234
58.94	1386
58.96	1755
58.98	2087
59	2575
59.02	3172
59.04	3523
59.06	4171
59.08	4934
59.1	5783
59.12	6521
59.14	7135
59.16	7357
59.18	7733
59.2	7591
59.22	7319
59.24	6802
59.26	6382
59.28	5990
59.3	5633
59.32	5263
59.34	4742
59.36	4406
59.38	3897
59.4	3297
59.42	2928
59.44	2361
59.46	2038
59.48	1628
59.5	1373
59.52	1113
59.54	875
59.56	751
59.58	620
59.6	611
59.62	532
59.64	508
59.66	473
59.68	404
59.7	356
59.72	343
59.74	316
59.76	318
59.78	288
59.8	260
59.82	246
59.84	254
59.86	263
59.88	246
59.9	225
59.92	196
59.94	203
59.96	202
59.98	206
60	180
60.02	200
60.04	198
60.06	195
60.08	183
60.1	203
60.12	190
60.14	190
60.16	175
60.18	165
60.2	174
60.22	188
60.24	183
60.26	184
60.28	179
60.3	179
60.32	196
60.34	203
60.36	178
60.38	176
60.4	209
60.42	196
60.44	186
60.46	205
60.48	207
60.5	184
60.52	193
60.54	183
60.56	185
60.58	201
60.6	198
60.62	183
60.64	196
60.66	206
60.68	189
60.7	186
60.72	165
60.74	176
60.76	160
60.78	144
60.8	155
60.82	135
60.84	146
60.86	128
60.88	124
60.9	143
60.92	116
60.94	137
60.96	127
60.98	113
61	121
61.02	126
61.04	105
61.06	121
61.08	97
61.1	122
61.12	103
61.14	113
61.16	93
61.18	108
61.2	114
61.22	111
61.24	126
61.26	101
61.28	92
61.3	119
61.32	106
61.34	102
61.36	104
61.38	123
61.4	99
61.42	109
61.44	109
61.46	119
61.48	98
61.5	101
61.52	103
61.54	106
61.56	89
61.58	114
61.6	115
61.62	100
61.64	106
61.66	100
61.68	91
61.7	115
61.72	102
61.74	112
61.76	124
61.78	93
61.8	120
61.82	107
61.84	120
61.86	85
61.88	112
61.9	104
61.92	97
61.94	133
61.96	82
61.98	102
62	92
62.02	109
62.04	113
62.06	95
62.08	90
62.1	103
62.12	92
62.14	105
62.16	89
62.18	88
62.2	111
62.22	103
62.24	111
62.26	96
62.28	90
62.3	81
62.32	92
62.34	98
62.36	91
62.38	90
62.4	97
62.42	73
62.44	90
62.46	85
62.48	92
62.5	73
62.52	90
62.54	95
62.56	85
62.58	96
62.6	90
62.62	96
62.64	91
62.66	84
62.68	95
62.7	99
62.72	101
62.74	73
62.76	108
62.78	106
62.8	71
62.82	95
62.84	110
62.86	84
62.88	76
62.9	108
62.92	83
62.94	91
62.96	120
62.98	100
63	105
63.02	113
63.04	116
63.06	112
63.08	108
63.1	132
63.12	113
63.14	110
63.16	131
63.18	119
63.2	110
63.22	110
63.24	113
63.26	119
63.28	100
63.3	119
63.32	116
63.34	97
63.36	116
63.38	104
63.4	100
63.42	105
63.44	100
63.46	98
63.48	105
63.5	105
63.52	97
63.54	103
63.56	81
63.58	92
63.6	101
63.62	84
63.64	77
63.66	96
63.68	102
63.7	85
63.72	106
63.74	81
63.76	86
63.78	93
63.8	98
63.82	110
63.84	88
63.86	99
63.88	83
63.9	99
63.92	114
63.94	97
63.96	78
63.98	97
64	88
64.02	95
64.04	98
64.06	98
64.08	90
64.1	97
64.12	82
64.14	92
64.16	93
64.18	96
64.2	96
64.22	85
64.24	94
64.26	76
64.28	87
64.3	77
64.32	99
64.34	90
64.36	98
64.38	111
64.4	95
64.42	93
64.44	107
64.46	114
64.48	111
64.5	92
64.52	103
64.54	104
64.56	97
64.58	102
64.6	94
64.62	107
64.64	102
64.66	114
64.68	93
64.7	96
64.72	94
64.74	92
64.76	107
64.78	109
64.8	87
64.82	86
64.84	108
64.86	81
64.88	89
64.9	104
64.92	92
64.94	98
64.96	117
64.98	103
65	115
65.02	108
65.04	93
65.06	106
65.08	110
65.1	104
65.12	109
65.14	100
65.16	113
65.18	143
65.2	137
65.22	114
65.24	130
65.26	119
65.28	137
65.3	154
65.32	126
65.34	147
65.36	164
65.38	163
65.4	142
65.42	151
65.44	203
65.46	198
65.48	186
65.5	195
65.52	219
65.54	230
65.56	216
65.58	223
65.6	242
65.62	245
65.64	274
65.66	262
65.68	239
65.7	249
65.72	248
65.74	277
65.76	241
65.78	272
65.8	241
65.82	235
65.84	215
65.86	228
65.88	212
65.9	195
65.92	180
65.94	180
65.96	166
65.98	174
66	163
66.02	144
66.04	153
66.06	156
66.08	146
66.1	133
66.12	124
66.14	130
66.16	123
66.18	106
66.2	115
66.22	113
66.24	107
66.26	106
66.28	119
66.3	87
66.32	105
66.34	105
66.36	108
66.38	95
66.4	106
66.42	96
66.44	89
66.46	67
66.48	98
66.5	103
66.52	97
66.54	89
66.56	85
66.58	87
66.6	106
66.62	88
66.64	108
66.66	87
66.68	86
66.7	88
66.72	88
66.74	83
66.76	86
66.78	88
66.8	80
66.82	100
66.84	85
66.86	85
66.88	95
66.9	86
66.92	84
66.94	90
66.96	102
66.98	85
67	84
67.02	72
67.04	75
67.06	94
67.08	85
67.1	110
67.12	90
67.14	98
67.16	81
67.18	102
67.2	97
67.22	92
67.24	75
67.26	85
67.28	76
67.3	74
67.32	91
67.34	81
67.36	92
67.38	94
67.4	95
67.42	87
67.44	77
67.46	100
67.48	98
67.5	80
67.52	106
67.54	93
67.56	90
67.58	82
67.6	71
67.62	90
67.64	105
67.66	103
67.68	91
67.7	85
67.72	89
67.74	83
67.76	95
67.78	86
67.8	82
67.82	102
67.84	103
67.86	93
67.88	116
67.9	106
67.92	92
67.94	97
67.96	118
67.98	78
68	103
68.02	92
68.04	102
68.06	103
68.08	95
68.1	98
68.12	104
68.14	104
68.16	80
68.18	88
68.2	97
68.22	104
68.24	108
68.26	126
68.28	103
68.3	102
68.32	102
68.34	96
68.36	100
68.38	88
68.4	95
68.42	88
68.44	119
68.46	120
68.48	102
68.5	100
68.52	120
68.54	116
68.56	110
68.58	116
68.6	107
68.62	106
68.64	123
68.66	122
68.68	108
68.7	115
68.72	98
68.74	117
68.76	129
68.78	125
68.8	117
68.82	139
68.84	138
68.86	135
68.88	157
68.9	153
68.92	170
68.94	165
68.96	168
68.98	188
69	187
69.02	212
69.04	240
69.06	217
69.08	257
69.1	261
69.12	315
69.14	309
69.16	386
69.18	370
69.2	447
69.22	475
69.24	539
69.26	645
69.28	677
69.3	767
69.32	878
69.34	981
69.36	1154
69.38	1318
69.4	1514
69.42	1737
69.44	2049
69.46	2396
69.48	2510
69.5	2845
69.52	2867
69.54	2825
69.56	2714
69.58	2632
69.6	2398
69.62	2182
69.64	2000
69.66	2015
69.68	1845
69.7	1773
69.72	1660
69.74	1612
69.76	1495
69.78	1286
69.8	1161
69.82	987
69.84	858
69.86	698
69.88	602
69.9	485
69.92	454
69.94	351
69.96	328
69.98	306
70	261
70.02	224
70.04	237
70.06	221
70.08	214
70.1	210
70.12	196
70.14	174
70.16	199
70.18	179
70.2	180
70.22	172
70.24	183
70.26	187
70.28	197
70.3	168
70.32	172
70.34	172
70.36	191
70.38	187
70.4	193
70.42	199
70.44	204
70.46	191
70.48	203
70.5	204
70.52	244
70.54	218
70.56	204
70.58	199
70.6	208
70.62	207
70.64	200
70.66	189
70.68	190
70.7	217
70.72	162
70.74	191
70.76	199
70.78	166
70.8	170
70.82	162
70.84	169
70.86	164
70.88	152
70.9	130
70.92	146
70.94	119
70.96	136
70.98	148
71	123
71.02	132
71.04	137
71.06	121
71.08	117
71.1	129
71.12	108
71.14	109
71.16	108
71.18	110
71.2	106
71.22	94
71.24	107
71.26	118
71.28	98
71.3	101
71.32	105
71.34	99
71.36	98
71.38	93
71.4	93
71.42	80
71.44	94
71.46	94
71.48	102
71.5	93
71.52	100
71.54	89
71.56	85
71.58	104
71.6	88
71.62	82
71.64	100
71.66	104
71.68	110
71.7	90
71.72	88
71.74	92
71.76	105
71.78	102
71.8	94
71.82	116
71.84	91
71.86	90
71.88	86
71.9	107
71.92	108
71.94	103
71.96	98
71.98	97
72	92
72.02	98
72.04	101
72.06	101
72.08	98
72.1	84
72.12	95
72.14	97
72.16	72
72.18	81
72.2	91
72.22	79
72.24	107
72.26	94
72.28	81
72.3	73
72.32	82
72.34	94
72.36	75
72.38	89
72.4	102
72.42	77
72.44	78
72.46	72
72.48	63
72.5	93
72.52	74
72.54	89
72.56	86
72.58	85
72.6	70
72.62	96
72.64	102
72.66	92
72.68	72
72.7	72
72.72	75
72.74	91
72.76	73
72.78	71
72.8	78
72.82	85
72.84	87
72.86	73
72.88	96
72.9	99
72.92	103
72.94	92
72.96	91
72.98	112
73	93
73.02	97
73.04	103
73.06	99
73.08	117
73.1	119
73.12	127
73.14	125
73.16	164
73.18	118
73.2	144
73.22	152
73.24	144
73.26	157
73.28	156
73.3	132
73.32	129
73.34	134
73.36	121
73.38	129
73.4	146
73.42	129
73.44	115
73.46	131
73.48	124
73.5	117
73.52	89
73.54	98
73.56	101
73.58	99
73.6	114
73.62	100
73.64	95
73.66	95
73.68	109
73.7	92
73.72	87
73.74	96
73.76	87
73.78	83
73.8	89
73.82	95
73.84	76
73.86	108
73.88	88
73.9	94
73.92	82
73.94	99
73.96	104
73.98	91
74	84
74.02	89
74.04	90
74.06	104
74.08	101
74.1	104
74.12	129
74.14	103
74.16	120
74.18	142
74.2	150
74.22	134
74.24	165
74.26	173
74.28	178
74.3	203
74.32	254
74.34	270
74.36	289
74.38	281
74.4	298
74.42	303
74.44	334
74.46	322
74.48	265
74.5	252
74.52	288
74.54	290
74.56	294
74.58	260
74.6	277
74.62	257
74.64	253
74.66	234
74.68	237
74.7	211
74.72	221
74.74	203
74.76	191
74.78	168
74.8	141
74.82	151
74.84	136
74.86	123
74.88	108
74.9	114
74.92	110
74.94	120
74.96	103
74.98	96
75	100
75.02	110
75.04	119
75.06	91
75.08	108
75.1	102
75.12	133
75.14	119
75.16	102
75.18	117
75.2	117
75.22	115
75.24	107
75.26	138
75.28	115
75.3	117
75.32	163
75.34	149
75.36	152
75.38	149
75.4	136
75.42	131
75.44	191
75.46	138
75.48	187
75.5	166
75.52	178
75.54	172
75.56	156
75.58	124
75.6	185
75.62	174
75.64	171
75.66	184
75.68	167
75.7	174
75.72	142
75.74	140
75.76	172
75.78	143
75.8	145
75.82	124
75.84	131
75.86	111
75.88	119
75.9	120
75.92	116
75.94	131
75.96	117
75.98	111
76	106
76.02	99
76.04	100
76.06	90
76.08	93
76.1	99
76.12	95
76.14	102
76.16	96
76.18	86
76.2	96
76.22	90
76.24	79
76.26	83
76.28	90
76.3	95
76.32	77
76.34	107
76.36	68
76.38	92
76.4	91
76.42	99
76.44	80
76.46	74
76.48	93
76.5	82
76.52	84
76.54	82
76.56	90
76.58	107
76.6	82
76.62	80
76.64	99
76.66	99
76.68	109
76.7	106
76.72	89
76.74	94
76.76	115
76.78	101
76.8	90
76.82	88
76.84	95
76.86	85
76.88	86
76.9	89
76.92	90
76.94	90
76.96	67
76.98	98
77	105
77.02	102
77.04	103
77.06	101
77.08	90
77.1	94
77.12	87
77.14	98
77.16	106
77.18	106
77.2	76
77.22	77
77.24	108
77.26	86
77.28	87
77.3	82
77.32	86
77.34	89
77.36	96
77.38	86
77.4	84
77.42	87
77.44	87
77.46	87
77.48	81
77.5	98
77.52	81
77.54	84
77.56	80
77.58	108
77.6	90
77.62	87
77.64	99
77.66	102
77.68	82
77.7	94
77.72	108
77.74	98
77.76	97
77.78	93
77.8	85
77.82	98
77.84	106
77.86	99
77.88	117
77.9	106
77.92	93
77.94	120
77.96	111
77.98	97
78	108
78.02	112
78.04	110
78.06	109
78.08	101
78.1	83
78.12	108
78.14	113
78.16	113
78.18	101
78.2	130
78.22	110
78.24	106
78.26	117
78.28	124
78.3	117
78.32	125
78.34	114
78.36	105
78.38	119
78.4	126
78.42	126
78.44	132
78.46	105
78.48	133
78.5	150
78.52	138
78.54	152
78.56	158
78.58	195
78.6	175
78.62	165
78.64	149
78.66	209
78.68	209
78.7	227
78.72	225
78.74	217
78.76	258
78.78	258
78.8	326
78.82	328
78.84	350
78.86	413
78.88	474
78.9	518
78.92	561
78.94	648
78.96	712
78.98	773
79	901
79.02	993
79.04	1127
79.06	1249
79.08	1388
79.1	1448
79.12	1557
79.14	1540
79.16	1663
79.18	1693
79.2	1725
79.22	1728
79.24	1715
79.26	1738
79.28	1665
79.3	1594
79.32	1594
79.34	1519
79.36	1426
79.38	1400
79.4	1259
79.42	1265
79.44	1217
79.46	1132
79.48	1031
79.5	1016
79.52	909
79.54	868
79.56	753
79.58	620
79.6	668
79.62	536
79.64	502
79.66	476
79.68	447
79.7	403
79.72	347
79.74	337
79.76	301
79.78	279
79.8	269
79.82	268
79.84	261
79.86	239
79.88	243
79.9	217
79.92	239
79.94	249
79.96	254
79.98	210
80	271
80.02	248
80.04	236
80.06	279
80.08	263
80.1	275
80.12	262
80.14	297
80.16	310
80.18	286
80.2	298
80.22	320
80.24	325
80.26	300
80.28	317
80.3	289
80.32	354
80.34	309
80.36	274
80.38	298
80.4	280
80.42	288
80.44	257
80.46	267
80.48	271
80.5	257
80.52	275
80.54	242
80.56	245
80.58	231
80.6	207
80.62	241
80.64	230
80.66	178
80.68	189
80.7	167
80.72	174
80.74	141
80.76	157
80.78	187
80.8	137
80.82	172
80.84	148
80.86	126
80.88	133
80.9	128
80.92	108
80.94	129
80.96	127
80.98	127
81	131
81.02	123
81.04	120
81.06	106
81.08	119
81.1	108
81.12	126
81.14	102
81.16	118
81.18	125
81.2	111
81.22	95
81.24	92
81.26	89
81.28	106
81.3	103
81.32	93
81.34	120
81.36	97
81.38	97
81.4	108
81.42	103
81.44	93
81.46	101
81.48	113
81.5	97
81.52	100
81.54	97
81.56	95
81.58	105
81.6	94
81.62	86
81.64	94
81.66	107
81.68	102
81.7	108
81.72	93
81.74	112
81.76	106
81.78	79
81.8	91
81.82	83
81.84	92
81.86	103
81.88	99
81.9	95
81.92	100
81.94	86
81.96	86
81.98	90
82	104
82.02	92
82.04	86
82.06	98
82.08	84
82.1	101
82.12	78
82.14	85
82.16	96
82.18	84
82.2	109
82.22	83
82.24	105
82.26	87
82.28	103
82.3	109
82.32	98
82.34	98
82.36	85
82.38	102
82.4	89
82.42	88
82.44	109
82.46	71
82.48	103
82.5	85
82.52	85
82.54	90
82.56	109
82.58	78
82.6	92
82.62	85
82.64	122
82.66	90
82.68	87
82.7	93
82.72	124
82.74	101
82.76	116
82.78	107
82.8	114
82.82	103
82.84	94
82.86	112
82.88	104
82.9	106
82.92	95
82.94	101
82.96	86
82.98	100
83	107
83.02	110
83.04	110
83.06	104
83.08	97
83.1	111
83.12	96
83.14	75
83.16	70
83.18	99
83.2	87
83.22	103
83.24	95
83.26	96
83.28	92
83.3	72
83.32	90
83.34	106
83.36	102
83.38	100
83.4	92
83.42	102
83.44	101
83.46	94
83.48	105
83.5	119
83.52	127
83.54	101
83.56	126
83.58	119
83.6	128
83.62	160
83.64	143
83.66	147
83.68	141
83.7	179
83.72	188
83.74	176
83.76	212
83.78	205
83.8	226
83.82	256
83.84	268
83.86	302
83.88	306
83.9	330
83.92	348
83.94	292
83.96	315
83.98	295
84	321
84.02	295
84.04	293
84.06	270
84.08	296
84.1	247
84.12	251
84.14	240
84.16	238
84.18	247
84.2	230
84.22	206
84.24	203
84.26	198
84.28	188
84.3	197
84.32	183
84.34	183
84.36	160
84.38	160
84.4	147
84.42	150
84.44	141
84.46	148
84.48	130
84.5	160
84.52	130
84.54	132
84.56	144
84.58	150
84.6	140
84.62	157
84.64	154
84.66	147
84.68	162
84.7	146
84.72	162
84.74	131
84.76	176
84.78	137
84.8	151
84.82	189
84.84	205
84.86	194
84.88	178
84.9	202
84.92	205
84.94	191
84.96	215
84.98	222
85	222
85.02	230
85.04	239
85.06	234
85.08	229
85.1	210
85.12	233
85.14	237
85.16	211
85.18	208
85.2	212
85.22	227
85.24	222
85.26	218
85.28	214
85.3	179
85.32	190
85.34	176
85.36	180
85.38	193
85.4	178
85.42	165
85.44	148
85.46	141
85.48	151
85.5	147
85.52	124
85.54	142
85.56	117
85.58	119
85.6	116
85.62	122
85.64	107
85.66	119
85.68	116
85.7	110
85.72	137
85.74	101
85.76	96
85.78	111
85.8	111
85.82	93
85.84	103
85.86	111
85.88	90
85.9	104
85.92	93
85.94	109
85.96	95
85.98	100
86	100
86.02	101
86.04	87
86.06	91
86.08	75
86.1	75
86.12	97
86.14	103
86.16	101
86.18	104
86.2	82
86.22	106
86.24	90
86.26	110
86.28	98
86.3	109
86.32	91
86.34	104
86.36	98
86.38	98
86.4	103
86.42	101
86.44	89
86.46	110
86.48	104
86.5	127
86.52	101
86.54	94
86.56	105
86.58	117
86.6	109
86.62	93
86.64	108
86.66	93
86.68	100
86.7	85
86.72	97
86.74	116
86.76	97
86.78	106
86.8	107
86.82	109
86.84	101
86.86	94
86.88	87
86.9	98
86.92	94
86.94	98
86.96	81
86.98	98
87	102
87.02	110
87.04	94
87.06	95
87.08	103
87.1	91
87.12	105
87.14	85
87.16	102
87.18	83
87.2	92
87.22	95
87.24	113
87.26	111
87.28	92
87.3	93
87.32	75
87.34	126
87.36	92
87.38	100
87.4	91
87.42	120
87.44	111
87.46	107
87.48	109
87.5	105
87.52	96
87.54	107
87.56	93
87.58	110
87.6	92
87.62	92
87.64	108
87.66	106
87.68	103
87.7	95
87.72	91
87.74	99
87.76	114
87.78	108
87.8	96
87.82	109
87.84	117
87.86	111
87.88	98
87.9	105
87.92	103
87.94	111
87.96	117
87.98	93
88	114
88.02	123
88.04	112
88.06	118
88.08	112
88.1	136
88.12	127
88.14	140
88.16	136
88.18	170
88.2	180
88.22	184
88.24	224
88.26	220
88.28	246
88.3	273
88.32	308
88.34	302
88.36	314
88.38	354
88.4	419
88.42	410
88.44	434
88.46	480
88.48	495
88.5	483
88.52	517
88.54	553
88.56	605
88.58	595
88.6	619
88.62	634
88.64	624
88.66	674
88.68	576
88.7	557
88.72	595
88.74	522
88.76	511
88.78	490
88.8	443
88.82	472
88.84	443
88.86	423
88.88	408
88.9	380
88.92	390
88.94	357
88.96	352
88.98	320
89	287
89.02	254
89.04	249
89.06	223
89.08	210
89.1	196
89.12	183
89.14	166
89.16	190
89.18	196
89.2	141
89.22	173
89.24	142
89.26	159
89.28	152
89.3	150
89.32	168
89.34	173
89.36	166
89.38	145
89.4	192
89.42	191
89.44	163
89.46	194
89.48	191
89.5	185
89.52	177
89.54	179
89.56	193
89.58	189
89.6	200
89.62	210
89.64	209
89.66	210
89.68	182
89.7	200
89.72	170
89.74	192
89.76	194
89.78	179
89.8	194
89.82	200
89.84	185
89.86	202
89.88	199
89.9	196
89.92	163
89.94	188
89.96	158
89.98	154
90	146
90.02	146
90.04	140
90.06	167
90.08	157
90.1	142
90.12	142
90.14	122
90.16	119
90.18	125
90.2	122
90.22	117
90.24	113
90.26	121
90.28	122
90.3	123
90.32	103
90.34	110
90.36	108
90.38	113
90.4	112
90.42	116
90.44	94
90.46	103
90.48	120
90.5	101
90.52	118
90.54	93
90.56	101
90.58	87
90.6	108
90.62	113
90.64	108
90.66	87
90.68	114
90.7	104
90.72	92
90.74	94
90.76	106
90.78	108
90.8	118
90.82	118
90.84	86
90.86	104
90.88	97
90.9	96
90.92	105
90.94	94
90.96	106
90.98	108
91	94
91.02	87
91.04	114
91.06	83
91.08	100
91.1	103
91.12	96
91.14	96
91.16	102
91.18	83
91.2	107
91.22	97
91.24	106
91.26	77
91.28	105
91.3	97
91.32	86
91.34	86
91.36	92
91.38	97
91.4	110
91.42	85
91.44	93
91.46	92
91.48	89
91.5	91
91.52	90
91.54	87
91.56	76
91.58	94
91.6	96
91.62	98
91.64	76
91.66	89
91.68	91
91.7	102
91.72	96
91.74	92
91.76	85
91.78	102
91.8	101
91.82	104
91.84	92
91.86	89
91.88	92
91.9	115
91.92	99
91.94	115
91.96	113
91.98	105
92	103
92.02	120
92.04	92
92.06	106
92.08	119
92.1	110
92.12	115
92.14	107
92.16	102
92.18	121
92.2	115
92.22	118
92.24	101
92.26	118
92.28	90
92.3	105
92.32	105
92.34	112
92.36	130
92.38	94
92.4	92
92.42	82
92.44	103
92.46	96
92.48	119
92.5	98
92.52	96
92.54	94
92.56	92
92.58	99
92.6	101
92.62	97
92.64	96
92.66	110
92.68	106
92.7	106
92.72	115
92.74	104
92.76	94
92.78	99
92.8	113
92.82	110
92.84	86
92.86	105
92.88	116
92.9	104
92.92	119
92.94	116
92.96	102
92.98	120
93	119
93.02	129
93.04	120
93.06	134
93.08	161
93.1	119
93.12	143
93.14	140
93.16	188
93.18	175
93.2	171
93.22	175
93.24	208
93.26	194
93.28	193
93.3	173
93.32	198
93.34	162
93.36	168
93.38	178
93.4	183
93.42	187
93.44	178
93.46	186
93.48	186
93.5	157
93.52	147
93.54	165
93.56	149
93.58	164
93.6	169
93.62	170
93.64	165
93.66	134
93.68	182
93.7	166
93.72	179
93.74	159
93.76	166
93.78	153
93.8	158
93.82	166
93.84	134
93.86	151
93.88	167
93.9	169
93.92	148
93.94	167
93.96	171
93.98	179
94	178
94.02	160
94.04	192
94.06	155
94.08	153
94.1	192
94.12	194
94.14	194
94.16	199
94.18	183
94.2	180
94.22	201
94.24	158
94.26	166
94.28	163
94.3	194
94.32	191
94.34	166
94.36	159
94.38	188
94.4	158
94.42	180
94.44	150
94.46	159
94.48	153
94.5	158
94.52	137
94.54	145
94.56	124
94.58	146
94.6	144
94.62	135
94.64	136
94.66	122
94.68	127
94.7	137
94.72	123
94.74	125
94.76	133
94.78	133
94.8	107
94.82	100
94.84	122
94.86	117
94.88	110
94.9	117
94.92	124
94.94	94
94.96	119
94.98	107
95	107
95.02	106
95.04	100
95.06	100
95.08	104
95.1	123
95.12	114
95.14	117
95.16	100
95.18	123
95.2	107
95.22	104
95.24	95
95.26	113
95.28	109
95.3	113
95.32	100
95.34	126
95.36	133
95.38	120
95.4	111
95.42	127
95.44	125
95.46	117
95.48	117
95.5	123
95.52	90
95.54	95
95.56	99
95.58	122
95.6	99
95.62	124
95.64	107
95.66	121
95.68	115
95.7	112
95.72	92
95.74	106
95.76	96
95.78	109
95.8	106
95.82	109
95.84	113
95.86	115
95.88	92
95.9	107
95.92	108
95.94	85
95.96	118
95.98	105
96	108
96.02	86
96.04	119
96.06	101
96.08	96
96.1	132
96.12	105
96.14	103
96.16	102
96.18	113
96.2	104
96.22	99
96.24	113
96.26	134
96.28	86
96.3	114
96.32	111
96.34	118
96.36	97
96.38	108
96.4	118
96.42	108
96.44	95
96.46	89
96.48	118
96.5	129
96.52	119
96.54	108
96.56	117
96.58	122
96.6	117
96.62	113
96.64	94
96.66	118
96.68	131
96.7	116
96.72	120
96.74	105
96.76	99
96.78	119
96.8	132
96.82	132
96.84	108
96.86	135
96.88	141
96.9	148
96.92	120
96.94	147
96.96	121
96.98	124
97	150
97.02	125
97.04	154
97.06	142
97.08	140
97.1	141
97.12	148
97.14	162
97.16	158
97.18	146
97.2	174
97.22	178
97.24	174
97.26	184
97.28	211
97.3	207
97.32	204
97.34	247
97.36	232
97.38	278
97.4	287
97.42	261
97.44	299
97.46	299
97.48	331
97.5	373
97.52	358
97.54	426
97.56	464
97.58	531
97.6	542
97.62	608
97.64	686
97.66	642
97.68	755
97.7	859
97.72	1012
97.74	989
97.76	1079
97.78	1213
97.8	1275
97.82	1382
97.84	1442
97.86	1668
97.88	1638
97.9	1678
97.92	1786
97.94	1819
97.96	1779
97.98	1788
98	1731
98.02	1670
98.04	1540
98.06	1516
98.08	1434
98.1	1425
98.12	1326
98.14	1284
98.16	1279
98.18	1233
98.2	1294
98.22	1161
98.24	1147
98.26	1148
98.28	1065
98.3	996
98.32	958
98.34	981
98.36	880
98.38	762
98.4	672
98.42	674
98.44	647
98.46	571
98.48	456
98.5	472
98.52	407
98.54	371
98.56	345
98.58	324
98.6	287
98.62	268
98.64	272
98.66	293
98.68	249
98.7	213
98.72	216
98.74	195
98.76	229
98.78	212
98.8	223
98.82	211
98.84	196
98.86	199
98.88	189
98.9	209
98.92	209
98.94	174
98.96	200
98.98	174
99	194
99.02	191
99.04	185
99.06	186
99.08	196
99.1	204
99.12	187
99.14	159
99.16	158
99.18	182
99.2	166
99.22	156
99.24	161
99.26	175
99.28	156
99.3	175
99.32	133
99.34	170
99.36	151
99.38	133
99.4	156
99.42	158
99.44	170
99.46	134
99.48	140
99.5	128
99.52	114
99.54	125
99.56	133
99.58	123
99.6	107
99.62	134
99.64	123
99.66	113
99.68	127
99.7	131
99.72	124
99.74	126
99.76	126
99.78	113
99.8	113
99.82	108
99.84	112
99.86	114
99.88	128
99.9	110
99.92	114
99.94	117
99.96	112
99.98	116
100	121
100.02	90
100.04	121
100.06	115
100.08	99
100.1	113
100.12	109
100.14	112
100.16	107
100.18	120
100.2	111
100.22	102
100.24	112
100.26	107
100.28	118
100.3	100
100.32	87
100.34	112
100.36	108
100.38	91
100.4	109
100.42	98
100.44	111
100.46	106
100.48	96
100.5	125
100.52	101
100.54	111
100.56	91
100.58	102
100.6	96
100.62	94
100.64	91
100.66	81
100.68	105
100.7	111
100.72	82
100.74	111
100.76	103
100.78	105
100.8	90
100.82	119
100.84	86
100.86	113
100.88	99
100.9	109
100.92	78
100.94	91
100.96	104
100.98	116
101	87
101.02	104
101.04	96
101.06	97
101.08	86
101.1	90
101.12	105
101.14	87
101.16	92
101.18	95
101.2	87
101.22	110
101.24	89
101.26	101
101.28	103
101.3	109
101.32	105
101.34	119
101.36	106
101.38	100
101.4	113
101.42	100
101.44	122
101.46	119
101.48	111
101.5	110
101.52	92
101.54	114
101.56	94
101.58	112
101.6	100
101.62	110
101.64	97
101.66	97
101.68	110
101.7	126
101.72	117
101.74	124
101.76	112
101.78	99
101.8	105
101.82	123
101.84	107
101.86	126
101.88	106
101.9	90
101.92	104
101.94	100
101.96	100
101.98	109
102	98
102.02	90
102.04	93
102.06	118
102.08	84
102.1	102
102.12	91
102.14	97
102.16	106
102.18	104
102.2	103
102.22	111
102.24	96
102.26	94
102.28	98
102.3	109
102.32	99
102.34	97
102.36	102
102.38	79
102.4	95
102.42	104
102.44	92
102.46	97
102.48	102
102.5	97
102.52	102
102.54	102
102.56	83
102.58	86
102.6	85
102.62	121
102.64	95
102.66	91
102.68	89
102.7	110
102.72	112
102.74	113
102.76	116
102.78	105
102.8	82
102.82	105
102.84	101
102.86	102
102.88	93
102.9	104
102.92	103
102.94	102
102.96	97
102.98	96
103	101
103.02	107
103.04	105
103.06	112
103.08	118
103.1	116
103.12	115
103.14	104
103.16	127
103.18	117
103.2	135
103.22	118
103.24	115
103.26	131
103.28	139
103.3	138
103.32	137
103.34	141
103.36	152
103.38	157
103.4	165
103.42	149
103.44	158
103.46	160
103.48	183
103.5	153
103.52	150
103.54	159
103.56	158
103.58	183
103.6	179
103.62	181
103.64	178
103.66	185
103.68	160
103.7	170
103.72	166
103.74	186
103.76	181
103.78	167
103.8	161
103.82	152
103.84	175
103.86	177
103.88	170
103.9	177
103.92	164
103.94	160
103.96	170
103.98	159
104	150
104.02	169
104.04	146
104.06	151
104.08	148
104.1	152
104.12	133
104.14	150
104.16	142
104.18	144
104.2	133
104.22	110
104.24	137
104.26	133
104.28	119
104.3	124
104.32	112
104.34	141
104.36	96
104.38	129
104.4	125
104.42	104
104.44	119
104.46	103
104.48	106
104.5	90
104.52	109
104.54	114
104.56	98
104.58	133
104.6	128
104.62	99
104.64	132
104.66	79
104.68	105
104.7	105
104.72	97
104.74	94
104.76	93
104.78	87
104.8	96
104.82	102
104.84	107
104.86	101
104.88	90
104.9	95
104.92	106
104.94	107
104.96	90
104.98	85
105	111
105.02	106
105.04	93
105.06	115
105.08	97
105.1	102
105.12	114
105.14	89
105.16	96
105.18	112
105.2	93
105.22	98
105.24	99
105.26	84
105.28	84
105.3	96
105.32	96
105.34	103
105.36	96
105.38	100
105.4	84
105.42	76
105.44	83
105.46	105
105.48	99
105.5	83
105.52	85
105.54	95
105.56	94
105.58	80
105.6	78
105.62	90
105.64	83
105.66	98
105.68	85
105.7	107
105.72	96
105.74	79
105.76	93
105.78	90
105.8	91
105.82	89
105.84	72
105.86	102
105.88	86
105.9	84
105.92	87
105.94	95
105.96	87
105.98	99
106	91
106.02	85
106.04	99
106.06	72
106.08	87
106.1	85
106.12	88
106.14	87
106.16	95
106.18	89
106.2	123
106.22	101
106.24	98
106.26	77
106.28	91
106.3	88
106.32	100
106.34	101
106.36	78
106.38	106
106.4	110
106.42	96
106.44	75
106.46	111
106.48	84
106.5	110
106.52	103
106.54	81
106.56	95
106.58	103
106.6	98
106.62	107
106.64	100
106.66	94
106.68	100
106.7	103
106.72	119
106.74	88
106.76	105
106.78	94
106.8	84
106.82	114
106.84	129
106.86	116
106.88	122
106.9	118
106.92	112
106.94	133
106.96	129
106.98	134
107	125
107.02	139
107.04	131
107.06	139
107.08	136
107.1	164
107.12	155
107.14	146
107.16	164
107.18	174
107.2	188
107.22	195
107.24	206
107.26	210
107.28	217
107.3	214
107.32	230
107.34	230
107.36	230
107.38	219
107.4	236
107.42	230
107.44	228
107.46	251
107.48	216
107.5	232
107.52	228
107.54	253
107.56	248
107.58	224
107.6	267
107.62	268
107.64	253
107.66	249
107.68	262
107.7	227
107.72	230
107.74	224
107.76	250
107.78	231
107.8	247
107.82	208
107.84	226
107.86	202
107.88	214
107.9	191
107.92	180
107.94	198
107.96	169
107.98	191
108	214
108.02	221
108.04	232
108.06	228
108.08	264
108.1	219
108.12	224
108.14	209
108.16	255
108.18	242
108.2	256
108.22	244
108.24	251
108.26	233
108.28	217
108.3	241
108.32	235
108.34	237
108.36	230
108.38	229
108.4	251
108.42	239
108.44	251
108.46	244
108.48	213
108.5	245
108.52	228
108.54	231
108.56	225
108.58	238
108.6	251
108.62	254
108.64	242
108.66	228
108.68	228
108.7	250
108.72	213
108.74	222
108.76	254
108.78	226
108.8	242
108.82	192
108.84	252
108.86	234
108.88	221
108.9	240
108.92	227
108.94	230
108.96	219
108.98	240
109	228
109.02	207
109.04	228
109.06	242
109.08	254
109.1	228
109.12	235
109.14	260
109.16	216
109.18	237
109.2	243
109.22	235
109.24	227
109.26	219
109.28	220
109.3	266
109.32	215
109.34	200
109.36	227
109.38	253
109.4	247
109.42	221
109.44	237
109.46	254
109.48	209
109.5	234
109.52	228
109.54	243
109.56	223
109.58	234
109.6	247
109.62	225
109.64	224
109.66	223
109.68	258
109.7	223
109.72	221
109.74	233
109.76	224
109.78	216
109.8	220
109.82	215
109.84	225
109.86	251
109.88	205
109.9	223
109.92	210
109.94	239
109.96	228
109.98	231
110	246
110.02	241
110.04	218
110.06	229
110.08	214
110.1	232
110.12	231
110.14	233
110.16	242
110.18	223
110.2	222
110.22	246
110.24	232
110.26	214
110.28	232
110.3	239
110.32	220
110.34	250
110.36	205
110.38	220
110.4	219
110.42	233
110.44	221
110.46	270
110.48	233
110.5	233
110.52	247
110.54	244
110.56	227
110.58	229
110.6	229
110.62	216
110.64	218
110.66	208
110.68	243
110.7	226
110.72	250
110.74	235
110.76	233
110.78	205
110.8	236
110.82	225
110.84	233
110.86	209
110.88	246
110.9	207
110.92	221
110.94	225
110.96	221
110.98	213
111	260
111.02	238
111.04	244
111.06	210
111.08	234
111.1	211
111.12	215
111.14	230
111.16	240
111.18	216
111.2	238
111.22	224
111.24	205
111.26	228
111.28	210
111.3	211
111.32	243
111.34	243
111.36	222
111.38	238
111.4	196
111.42	220
111.44	231
111.46	241
111.48	222
111.5	227
111.52	255
111.54	219
111.56	228
111.58	203
111.6	245
111.62	227
111.64	247
111.66	230
111.68	231
111.7	251
111.72	212
111.74	245
111.76	232
111.78	236
111.8	230
111.82	251
111.84	231
111.86	228
111.88	238
111.9	198
111.92	214
111.94	214
111.96	214
111.98	243
112	224
112.02	229
112.04	223
112.06	227
112.08	192
112.1	223
112.12	196
112.14	236
112.16	223
112.18	231
112.2	218
112.22	238
112.24	246
112.26	242
112.28	214
112.3	242
112.32	235
112.34	239
112.36	234
112.38	241
112.4	236
112.42	223
112.44	213
112.46	225
112.48	231
112.5	237
112.52	207
112.54	237
112.56	235
112.58	238
112.6	237
112.62	221
112.64	263
112.66	220
112.68	246
112.7	226
112.72	258
112.74	214
112.76	220
112.78	226
112.8	216
112.82	225
112.84	223
112.86	245
112.88	235
112.9	244
112.92	242
112.94	246
112.96	229
112.98	190
113	248
113.02	240
113.04	232
113.06	234
113.08	230
113.1	246
113.12	255
113.14	241
113.16	217
113.18	220
113.2	229
113.22	237
113.24	246
113.26	235
113.28	262
113.3	233
113.32	234
113.34	246
113.36	256
113.38	225
113.4	232
113.42	240
113.44	199
113.46	207
113.48	241
113.5	237
113.52	268
113.54	220
113.56	198
113.58	237
113.6	235
113.62	199
113.64	252
113.66	220
113.68	247
113.7	218
113.72	223
113.74	240
113.76	229
113.78	217
113.8	249
113.82	240
113.84	216
113.86	244
113.88	218
113.9	239
113.92	224
113.94	237
113.96	246
113.98	263
114	242
114.02	231
114.04	223
114.06	227
114.08	241
114.1	225
114.12	260
114.14	237
114.16	226
114.18	215
114.2	235
114.22	222
114.24	227
114.26	207
114.28	228
114.3	257
114.32	220
114.34	231
114.36	228
114.38	241
114.4	237
114.42	198
114.44	222
114.46	257
114.48	238
114.5	225
114.52	225
114.54	221
114.56	240
114.58	231
114.6	229
114.62	252
114.64	218
114.66	213
114.68	205
114.7	218
114.72	231
114.74	230
114.76	239
114.78	214
114.8	252
114.82	256
114.84	229
114.86	201
114.88	228
114.9	240
114.92	231
114.94	231
114.96	203
114.98	220
115	228
115.02	230
115.04	216
115.06	242
115.08	269
115.1	231
115.12	222
115.14	254
115.16	215
115.18	212
115.2	218
115.22	217
115.24	254
115.26	227
115.28	212
115.3	238
115.32	199
115.34	244
115.36	231
115.38	218
115.4	231
115.42	210
115.44	231
115.46	237
115.48	226
115.5	249
115.52	257
115.54	243
115.56	246
115.58	202
115.6	237
115.62	200
115.64	238
115.66	242
115.68	233
115.7	227
115.72	245
115.74	228
115.76	233
115.78	230
115.8	211
115.82	216
115.84	212
115.86	225
115.88	204
115.9	249
115.92	214
115.94	220
115.96	218
115.98	208
116	239
116.02	232
116.04	245
116.06	237
116.08	242
116.1	232
116.12	229
116.14	217
116.16	239
116.18	210
116.2	233
116.22	224
116.24	249
116.26	197
116.28	245
116.3	215
116.32	234
116.34	229
116.36	224
116.38	242
116.4	235
116.42	233
116.44	225
116.46	234
116.48	219
116.5	212
116.52	220
116.54	232
116.56	227
116.58	244
116.6	222
116.62	219
116.64	242
116.66	232
116.68	201
116.7	226
116.72	217
116.74	256
116.76	225
116.78	198
116.8	211
116.82	222
116.84	238
116.86	209
116.88	242
116.9	225
116.92	232
116.94	257
116.96	203
116.98	254
117	247
117.02	210
117.04	257
117.06	230
117.08	218
117.1	215
117.12	242
117.14	224
117.16	255
117.18	242
117.2	249
117.22	233
117.24	221
117.26	255
117.28	245
117.3	242
117.32	268
117.34	271
117.36	247
117.38	253
117.4	253
117.42	261
117.44	239
117.46	262
117.48	250
117.5	258
117.52	271
117.54	252
117.56	258
117.58	263
117.6	278
117.62	268
117.64	305
117.66	241
117.68	251
117.7	262
117.72	258
117.74	269
117.76	245
117.78	252
117.8	265
117.82	265
117.84	259
117.86	230
117.88	261
117.9	261
117.92	270
117.94	248
117.96	250
117.98	274
118	270
118.02	245
118.04	238
118.06	239
118.08	287
118.1	229
118.12	259
118.14	260
118.16	244
118.18	236
118.2	221
118.22	225
118.24	240
118.26	242
118.28	238
118.3	236
118.32	274
118.34	266
118.36	227
118.38	233
118.4	235
118.42	239
118.44	244
118.46	207
118.48	213
118.5	229
118.52	236
118.54	242
118.56	214
118.58	223
118.6	255
118.62	251
118.64	234
118.66	257
118.68	230
118.7	223
118.72	259
118.74	222
118.76	242
118.78	251
118.8	215
118.82	253
118.84	240
118.86	230
118.88	229
118.9	254
118.92	250
118.94	252
118.96	248
118.98	224
119	243
119.02	237
119.04	221
119.06	207
119.08	219
119.1	198
119.12	230
119.14	221
119.16	213
119.18	263
119.2	232
119.22	216
119.24	225
119.26	233
119.28	236
119.3	226
119.32	207
119.34	227
119.36	211
119.38	199
119.4	225
119.42	236
119.44	234
119.46	224
119.48	238
119.5	228
119.52	215
119.54	211
119.56	242
119.58	209
119.6	208
119.62	196
119.64	231
119.66	243
119.68	223
119.7	224
119.72	224
119.74	217
119.76	240
119.78	228
119.8	199
119.82	255
119.84	192
119.86	217
119.88	213
119.9	226
119.92	242
119.94	240
119.96	227
119.98	223
120	232
