20.00 0.010  99.00

     78.

     84.

     62.

     87.

     72.

     71.

     82.

     74.

     78.

     86.

     83.

     66.

     61.

     81.

     67.

     89.

     93.

     88.

     68.

     65.

     85.

     80.

     67.

     82.

     64.

     82.

     86.

     78.

     85.

     69.

     72.

     76.

     74.

     83.

     70.

     70.

     78.

     89.

     86.

     72.

     89.

     81.

     92.

     85.

     79.

     70.

     78.

     76.

     95.

     93.

     93.

     83.

     84.

     91.

     78.

     83.

     85.

     78.

     72.

     79.

     76.

     79.

     68.

     78.

     79.

     76.

     90.

     88.

     77.

     82.

     93.

     86.

     67.

     71.

     82.

     83.

     84.

     87.

     78.

     84.

     77.

     83.

     73.

     65.

     65.

     75.

     75.

     93.

     87.

     73.

     79.

     79.

     69.

     79.

     73.

     64.

     87.

     82.

     73.

     74.

     84.

     74.

     56.

     74.

     88.

     75.

     79.

     81.

     65.

     77.

     89.

     79.

     73.

     68.

     82.

     79.

     82.

     84.

     75.

     63.

     82.

     74.

     76.

     66.

     77.

     75.

     90.

     81.

     64.

     83.

     87.

     73.

     71.

     60.

     72.

     76.

     73.

     82.

     58.

     61.

     79.

     69.

     80.

     82.

     69.

     87.

     72.

     85.

     72.

     74.

     95.

     73.

     69.

     70.

     70.

     61.

     74.

     76.

     73.

     75.

     71.

     60.

     87.

     89.

     68.

     81.

     65.

     93.

     90.

     71.

     62.

     83.

     69.

     88.

     78.

     61.

     74.

     82.

     63.

     68.

     88.

     89.

     92.

     71.

     77.

     70.

     98.

     84.

     77.

     81.

     72.

     73.

     73.

     66.

     73.

     79.

     69.

     76.

     75.

     71.

     85.

     71.

     82.

     72.

     77.

     83.

     65.

     77.

     68.

     88.

     68.

     85.

     70.

     68.

     56.

     73.

     85.

     76.

     72.

     76.

     80.

     72.

     67.

     78.

     60.

     72.

     65.

     86.

     69.

     74.

     62.

     73.

     77.

     73.

     72.

     76.

     89.

     89.

     81.

     58.

     79.

     82.

     78.

     84.

     90.

     73.

     73.

     92.

     76.

     69.

     92.

     89.

     64.

     64.

     64.

     68.

     62.

     73.

     78.

     78.

     83.

     81.

     66.

     74.

     64.

     79.

     86.

     65.

     71.

     63.

     88.

     71.

     91.

     79.

     92.

     93.

     91.

     96.

     96.

    100.

     90.

     94.

     96.

     80.

    112.

    107.

    116.

     94.

     84.

     90.

    110.

     80.

     87.

     84.

     92.

     76.

     66.

     78.

     71.

     76.

     94.

     66.

     86.

     82.

     76.

     82.

     65.

     79.

     68.

     71.

     89.

     67.

     75.

     63.

     84.

     61.

     79.

     87.

     72.

     59.

     73.

     66.

     72.

     61.

     78.

     63.

     74.

     84.

     74.

     82.

     73.

     72.

     84.

     68.

     70.

     68.

     77.

     86.

     75.

     66.

     70.

     99.

     61.

     79.

     70.

     72.

     72.

     76.

     71.

     67.

     76.

     67.

     70.

     70.

     74.

     83.

     84.

     57.

     55.

     74.

     91.

    101.

     73.

     84.

     85.

     63.

     50.

     82.

     80.

     79.

     66.

     63.

     90.

     73.

     68.

     74.

     77.

     65.

     62.

     63.

     68.

     77.

     70.

     68.

     85.

     70.

     75.

     66.

     68.

     77.

     85.

     68.

     97.

     74.

     78.

     57.

     78.

     73.

     67.

     72.

     70.

     64.

     74.

     64.

     65.

     67.

     93.

     56.

     73.

     71.

     89.

     70.

     68.

     95.

     57.

     69.

     75.

     79.

     79.

     67.

     63.

     69.

     76.

     67.

     63.

     71.

     69.

     63.

     83.

     64.

     78.

     77.

     77.

     72.

     82.

     62.

     66.

     71.

     84.

     97.

     76.

     73.

     86.

     83.

     78.

    100.

     86.

     86.

     98.

    100.

     83.

     83.

     84.

     92.

     76.

    107.

     87.

     77.

     87.

     84.

     84.

    104.

     89.

     91.

     83.

    102.

     89.

     93.

    101.

    116.

    137.

    148.

    133.

    142.

    149.

    159.

    152.

    151.

    163.

    129.

    113.

    105.

     98.

     90.

     91.

     86.

     89.

     93.

     96.

     87.

     88.

     86.

     97.

     84.

    100.

     90.

     98.

     88.

    102.

     85.

    100.

    126.

    140.

     94.

    106.

    105.

    106.

    116.

    130.

    144.

    150.

    168.

    178.

    201.

    223.

    228.

    269.

    315.

    329.

    369.

    404.

    449.

    512.

    602.

    687.

    773.

    858.

   1019.

   1102.

   1275.

   1458.

   1533.

   1550.

   1504.

   1461.

   1339.

   1229.

   1150.

   1029.

    842.

    827.

    618.

    525.

    435.

    347.

    268.

    236.

    196.

    181.

    160.

    149.

    141.

    123.

    104.

    105.

     96.

    109.

    101.

     83.

     93.

    121.

    101.

    112.

     99.

     83.

     93.

     97.

     96.

     84.

     97.

     86.

     78.

     95.

     76.

     79.

     80.

     98.

     79.

     80.

     97.

     71.

     78.

     74.

     76.

     73.

     79.

     79.

     62.

     76.

     83.

     70.

     90.

     63.

     74.

     86.

     71.

     80.

     66.

     72.

     91.

     72.

     73.

     75.

     88.

     86.

     79.

     64.

     88.

     75.

     69.

     95.

     70.

     75.

     78.

     60.

     71.

     82.

     79.

     74.

     85.

     73.

     71.

     80.

     82.

     63.

     74.

     95.

     82.

     81.

     83.

     72.

     69.

     83.

     77.

     68.

     68.

     68.

     60.

     72.

     81.

     68.

     68.

     68.

     92.

     77.

     92.

     71.

     80.

     87.

     76.

     83.

     88.

     81.

     84.

     69.

     70.

     80.

     82.

     87.

     92.

    100.

     85.

     72.

     72.

     80.

     81.

     77.

     75.

     78.

     77.

     76.

     80.

     90.

     80.

     59.

     69.

     87.

     87.

     99.

     87.

     70.

     73.

     75.

     84.

     83.

     98.

     97.

     80.

     85.

     88.

     95.

    103.

     73.

     97.

     80.

     93.

     92.

     95.

     92.

     90.

     97.

     97.

     98.

    101.

     75.

    130.

    109.

    108.

    117.

    109.

    117.

    116.

    112.

    123.

    117.

    126.

    147.

    127.

    157.

    178.

    180.

    174.

    235.

    227.

    260.

    303.

    339.

    390.

    439.

    507.

    613.

    663.

    762.

    817.

    927.

   1120.

   1326.

   1606.

   1944.

   2201.

   2507.

   2939.

   3476.

   4076.

   4845.

   4924.

   4511.

   3880.

   3083.

   2595.

   2460.

   2457.

   2381.

   2024.

   1643.

   1095.

    693.

    500.

    355.

    294.

    250.

    214.

    202.

    186.

    153.

    171.

    128.

    148.

    134.

    143.

    139.

    120.

    110.

    112.

    112.

    141.

    108.

     99.

    101.

    111.

     93.

     89.

     81.

    111.

     97.

     98.

    104.

     89.

     85.

     75.

     84.

     88.

     97.

     91.

     80.

     85.

     73.

     90.

     79.

     92.

     92.

     84.

     76.

     70.

     94.

     86.

     75.

     87.

    107.

     73.

     70.

     73.

     86.

     88.

     76.

     81.

     73.

     64.

     84.

     69.

     70.

     83.

     89.

     93.

     77.

     66.

     75.

     84.

     82.

     93.

     90.

     74.

     62.

     97.

     62.

     76.

     88.

     92.

     67.

     71.

     87.

     73.

     78.

     76.

     66.

     80.

     73.

     79.

     68.

     67.

     98.

     63.

     76.

     72.

     76.

     95.

     71.

     80.

     58.

     83.

     67.

     69.

     83.

     85.

     76.

     67.

     59.

     65.

     81.

     94.

     73.

     78.

     72.

     75.

     67.

     60.

     65.

     81.

     74.

     61.

     74.

     85.

     76.

     69.

     92.

     56.

     83.

     81.

     85.

     65.

     67.

     83.

     84.

     85.

     78.

     61.

     59.

     67.

     58.

     65.

     74.

     76.

     66.

     71.

     75.

     74.

     65.

     58.

     86.

     76.

     70.

     70.

     79.

     88.

     65.

     66.

     67.

     67.

     63.

     69.

     58.

     67.

     66.

     61.

     79.

     60.

     83.

     74.

     82.

     63.

     75.

     69.

     67.

     70.

     64.

     65.

     69.

     66.

     76.

     71.

     63.

     64.

     74.

     83.

     68.

     73.

     73.

     51.

     64.

     69.

     62.

     79.

     55.

     76.

     73.

     66.

     77.

     62.

     66.

     65.

     63.

     74.

     65.

     78.

     68.

     74.

     80.

     68.

     77.

     59.

     68.

     58.

     64.

     76.

     57.

     52.

     62.

     64.

     64.

     69.

     81.

     63.

     60.

     73.

     72.

     72.

     61.

     92.

     64.

     63.

     71.

     65.

     60.

     71.

     83.

     68.

     78.

     79.

     71.

     71.

     71.

     67.

     78.

     67.

     71.

     64.

     62.

     73.

     69.

     71.

     66.

     65.

     82.

     61.

     70.

     63.

     72.

     73.

     61.

     54.

     80.

     53.

     74.

     70.

     76.

     80.

     61.

     70.

     71.

     65.

     69.

     67.

     55.

     53.

     68.

     74.

     83.

     76.

    100.

     70.

     73.

     63.

     48.

     59.

     62.

     60.

     79.

     77.

     61.

     58.

     61.

     68.

     62.

     64.

     70.

     60.

     73.

     71.

     64.

     64.

     60.

     74.

     70.

     70.

     61.

     67.

     67.

     79.

     70.

     58.

     61.

     66.

     68.

     59.

     71.

     64.

     78.

     56.

     71.

     61.

     62.

     75.

     62.

     60.

     81.

     67.

     60.

     65.

     57.

     56.

     64.

     67.

     63.

     64.

     75.

     54.

     69.

     70.

     66.

     61.

     66.

     68.

     62.

     65.

     61.

     57.

     72.

     69.

     61.

     80.

     58.

     68.

     84.

     70.

     71.

     61.

     70.

     75.

     67.

     56.

     67.

     66.

     75.

     54.

     63.

     64.

     62.

     68.

     66.

     62.

     62.

     58.

     79.

     62.

     53.

     67.

     59.

     47.

     78.

     82.

     82.

     54.

     60.

     48.

     65.

     69.

     59.

     58.

     74.

     66.

     62.

     60.

     71.

     67.

     60.

     61.

     78.

     71.

     52.

     66.

     61.

     64.

     72.

     66.

     76.

     56.

     73.

     71.

     71.

     70.

     78.

     56.

     72.

     67.

     69.

     61.

     49.

     66.

     65.

     52.

     60.

     64.

     67.

     71.

     70.

     59.

     66.

     66.

     76.

     64.

     79.

     72.

     53.

     53.

     60.

     62.

     57.

     69.

     70.

     64.

     66.

     70.

     56.

     58.

     61.

     74.

     67.

     70.

     54.

     64.

     43.

     66.

     79.

     72.

     69.

     59.

     74.

     68.

     53.

     74.

     56.

     68.

     61.

     69.

     60.

     57.

     67.

     65.

     71.

     64.

     71.

     77.

     78.

     61.

     56.

     62.

     72.

     74.

     64.

     67.

     65.

     77.

     72.

     95.

     86.

     67.

     83.

     84.

     89.

    104.

    110.

    101.

     76.

     85.

     76.

     79.

     78.

     78.

     71.

     68.

     78.

     65.

     61.

     77.

     59.

     80.

     56.

     58.

     65.

     56.

     65.

     71.

     55.

     59.

     54.

     58.

     64.

     69.

     62.

     63.

     55.

     74.

     49.

     68.

     50.

     65.

     57.

     67.

     62.

     60.

     68.

     77.

     67.

     52.

     67.

     57.

     60.

     56.

     56.

     64.

     71.

     68.

     77.

     60.

     65.

     60.

     63.

     78.

     69.

     56.

     51.

     68.

     54.

     64.

     80.

     64.

     81.

     58.

     59.

     70.

     63.

     65.

     66.

     55.

     79.

     58.

     59.

     60.

     58.

     70.

     72.

     74.

     55.

     64.

     59.

     78.

     55.

     59.

     58.

     49.

     54.

     57.

     67.

     49.

     56.

     69.

     66.

     60.

     70.

     54.

     71.

     64.

     68.

     49.

     67.

     75.

     54.

     58.

     62.

     65.

     64.

     73.

     52.

     80.

     58.

     60.

     70.

     45.

     58.

     66.

     54.

     58.

     66.

     72.

     57.

     69.

     64.

     58.

     63.

     63.

     64.

     72.

     51.

     57.

     66.

     49.

     57.

     77.

     55.

     73.

     48.

     63.

     59.

     75.

     75.

     58.

     67.

     70.

     62.

     77.

     55.

     71.

     61.

     53.

     64.

     53.

     66.

     67.

     61.

     51.

     74.

     74.

     73.

     67.

     52.

     64.

     60.

     61.

     61.

     63.

     73.

     62.

     65.

     86.

     55.

     66.

     72.

     69.

     59.

     62.

     60.

     54.

     64.

     55.

     57.

     70.

     66.

     59.

     61.

     59.

     63.

     51.

     58.

     58.

     80.

     69.

     70.

     67.

     63.

     63.

     59.

     73.

     62.

     56.

     62.

     60.

     57.

     63.

     65.

     60.

     50.

     60.

     74.

     73.

     62.

     61.

     57.

     63.

     75.

     52.

     64.

     62.

     61.

     64.

     71.

     59.

     67.

     58.

     67.

     71.

     57.

     71.

     56.

     67.

     67.

     52.

     61.

     62.

     61.

     56.

     71.

     78.

     67.

     71.

     59.

     66.

     67.

     57.

     57.

     62.

     62.

     67.

     69.

     48.

     61.

     64.

     76.

     59.

     74.

     60.

     59.

     60.

     56.

     62.

     77.

     57.

     55.

     77.

     53.

     53.

     69.

     82.

     60.

     64.

     74.

     51.

     66.

     73.

     61.

     58.

     63.

     67.

     75.

     72.

     76.

     64.

     67.

     63.

     72.

     62.

     56.

     70.

     54.

     67.

     66.

     67.

     85.

     60.

     63.

     52.

     81.

     59.

     71.

     63.

     62.

     65.

     58.

     75.

     71.

     76.

     65.

     80.

     64.

     69.

     63.

     63.

     87.

     76.

     58.

     60.

     78.

     80.

     64.

     75.

     88.

     72.

     72.

     75.

    118.

     76.

     83.

     88.

     91.

     72.

    107.

     97.

    104.

    112.

    120.

    134.

    153.

    145.

    165.

    180.

    194.

    212.

    290.

    316.

    333.

    437.

    494.

    589.

    769.

    963.

   1207.

   1449.

   1703.

   1934.

   2088.

   1886.

   1710.

   1340.

   1131.

    923.

    900.

   1004.

   1059.

   1045.

   1067.

    855.

    636.

    501.

    370.

    266.

    209.

    157.

    137.

    136.

    143.

    110.

     92.

     85.

    108.

     88.

     96.

     88.

     87.

     71.

     80.

    103.

     75.

     84.

     77.

     73.

     83.

     70.

     78.

     68.

     66.

     80.

     73.

     70.

     59.

     73.

     80.

     77.

     75.

     82.

     60.

     78.

     66.

     64.

     77.

     64.

     76.

     77.

     70.

     60.

     68.

     63.

     59.

     74.

     74.

     69.

     85.

     62.

    102.

     64.

     54.

     67.

     87.

     68.

     98.

     83.

     73.

    104.

     93.

    113.

    103.

    121.

    138.

    140.

    119.

    137.

    149.

    115.

    131.

    127.

    140.

    114.

    111.

    113.

    115.

    103.

     95.

     90.

    109.

     84.

    104.

    104.

     98.

     99.

    100.

     76.

     85.

     79.

     84.

     67.

     78.

     61.

     69.

     57.

     59.

     63.

     70.

     68.

     79.

     66.

     64.

     70.

     50.

     56.

     81.

     68.

     68.

     52.

     73.

     59.

     75.

     66.

     64.

     64.

     66.

     73.

     50.

     68.

     58.

     62.

     66.

     83.

     81.

     62.

     64.

     80.

     59.

     61.

     66.

     98.

    101.

    117.

     97.

    102.

    109.

    130.

    142.

    159.

    193.

    208.

    209.

    247.

    265.

    297.

    305.

    309.

    322.

    334.

    313.

    304.

    233.

    286.

    245.

    213.

    200.

    224.

    231.

    184.

    170.

    150.

    159.

    127.

    135.

     91.

    105.

     97.

     84.

     98.

     87.

     63.

     91.

     76.

     82.

     80.

     83.

     65.

     59.

     74.

     64.

     63.

     64.

     64.

     76.

     58.

     58.

     78.

     71.

     53.

     76.

     61.

     60.

     39.

     63.

     68.

     70.

     76.

     55.

     69.

     74.

     55.

     61.

     72.

     66.

     66.

     66.

     62.

     64.

     58.

     46.

     67.

     65.

     74.

     59.

     69.

     75.

     68.

     86.

     86.

     79.

     78.

     85.

    102.

     74.

     89.

    109.

    138.

    110.

    130.

    132.

    147.

    143.

    139.

    130.

    115.

    118.

    100.

    116.

    107.

    118.

     94.

     97.

     86.

    104.

    107.

     90.

     91.

     82.

     83.

     75.

     73.

     47.

     66.

     71.

     72.

     60.

     55.

     62.

     69.

     72.

     50.

     59.

     59.

     65.

     70.

     60.

     69.

     68.

     76.

     75.

     61.

     85.

     65.

     78.

     75.

     56.

     65.

     70.

     83.

     90.

     79.

     91.

     90.

    116.

    126.

    146.

    146.

    187.

    161.

    243.

    279.

    285.

    318.

    296.

    319.

    323.

    258.

    216.

    190.

    190.

    191.

    198.

    190.

    217.

    198.

    166.

    155.

    144.

     90.

     94.

     85.

     88.

     75.

     74.

     59.

     75.

     73.

     70.

     69.

     62.

     60.

     68.

     56.

     68.

     57.

     83.

     72.

     74.

     67.

     59.

     54.

     60.

     59.

     60.

     67.

     57.

     72.

     62.

     72.

     68.

     60.

     71.

     56.

     59.

     48.

     56.

     56.

     65.

     55.

     57.

     60.

     66.

     52.

     59.

     54.

     67.

     52.

     66.

     66.

     68.

     68.

     61.

     56.

     53.

     54.

     70.

     71.

     51.

     60.

     46.

     66.

     66.

     75.

     56.

     57.

     55.

     57.

     61.

     54.

     57.

     62.

     63.

     54.

     52.

     73.

     69.

     54.

     43.

     60.

     68.

     61.

     56.

     58.

     45.

     53.

     45.

     60.

     55.

     56.

     64.

     41.

     65.

     63.

     63.

     50.

     60.

     60.

     51.

     56.

     67.

     67.

     53.

     63.

     55.

     70.

     56.

     64.

     83.

     54.

     65.

     59.

     66.

     73.

     44.

     59.

     51.

     59.

     62.

     49.

     58.

     56.

     60.

     66.

     62.

     67.

     48.

     46.

     61.

     58.

     61.

     49.

     45.

     58.

     58.

     73.

     56.

     50.

     49.

     70.

     58.

     51.

     68.

     62.

     50.

     55.

     59.

     82.

     52.

     58.

     62.

     78.

     74.

     59.

     67.

     58.

     69.

     58.

     61.

     61.

     61.

     58.

     62.

     62.

     73.

     84.

     63.

     85.

     77.

     76.

     80.

    102.

    116.

    108.

    103.

    113.

    147.

    161.

    170.

    184.

    271.

    287.

    343.

    410.

    499.

    639.

    758.

    948.

   1042.

    976.

    912.

    698.

    540.

    448.

    410.

    406.

    403.

    494.

    507.

    552.

    503.

    388.

    318.

    215.

    171.

    155.

    113.

     89.

    122.

     81.

     87.

     75.

     78.

     77.

     74.

     73.

     64.

     78.

     72.

     73.

     67.

     72.

     72.

     75.

     62.

     64.

     53.

     75.

     60.

     60.

     67.

     67.

     69.

     64.

     57.

     63.

     63.

     50.

     60.

     59.

     65.

     66.

     52.

     61.

     60.

     56.

     55.

     56.

     52.

     50.

     57.

     65.

     71.

     49.

     71.

     50.

     58.

     56.

     64.

     41.

     58.

     56.

     64.

     66.

     54.

     55.

     62.

     56.

     47.

     49.

     46.

     65.

     69.

     58.

     45.

     68.

     41.

     59.

     52.

     61.

     50.

     39.

     43.

     60.

     53.

     61.

     58.

     59.

     72.

     66.

     34.

     51.

     55.

     56.

     58.

     68.

     58.

     62.

     51.

     56.

     55.

     58.

     49.

     55.

     48.

     53.

     67.

     61.

     40.

     62.

     62.

     34.

     69.

     55.

     60.

     55.

     55.

     51.

     43.

     67.

     53.

     57.

     52.

     62.

     60.

     51.

     42.

     56.

     57.

     54.

     60.

     60.

     60.

     56.

     51.

     37.

     58.

     51.

     50.

     45.

     59.

     49.

     62.

     62.

     52.

     57.

     43.

     49.

     48.

     44.

     49.

     56.

     55.

     56.

     53.

     50.

     57.

     58.

     58.

     61.

     58.

     60.

     65.

     54.

     61.

     57.

     45.

     42.

     45.

     49.

     55.

     66.

     54.

     65.

     60.

     58.

     60.

     53.

     69.

     59.

     58.

     62.

     63.

     60.

     49.

     62.

     55.

     63.

     85.

     63.

     56.

     49.

     53.

     58.

     54.

     62.

     49.

     65.

     45.

     61.

     50.

     53.

     56.

     49.

     65.

     62.

     41.

     58.

     48.

     50.

     43.

     72.

     71.

     52.

     64.

     62.

     54.

     58.

     54.

     52.

     52.

     53.

     61.

     48.

     64.

     46.

     55.

     55.

     76.

     51.

     56.

     62.

     57.

     60.

     64.

     50.

     69.

     65.

     51.

     61.

     70.

     62.

     47.

     75.

     54.

     64.

     63.

     64.

     62.

     68.

     77.

     66.

     83.

     63.

     73.

     70.

     79.

     73.

     92.

     99.

     94.

    129.

    140.

    169.

    196.

    187.

    248.

    279.

    324.

    378.

    372.

    319.

    256.

    215.

    164.

    136.

    172.

    174.

    180.

    208.

    202.

    217.

    211.

    152.

    148.

    106.

    100.

     79.

     79.

     64.

     51.

     59.

     63.

     75.

     68.

     54.

     65.

     55.

     61.

     66.

     56.

     63.

     63.

     59.

     60.

     53.

     61.

     55.

     39.

     48.

     49.

     46.

     64.

     54.

     47.

     61.

     50.

     60.

     58.

     52.

     59.

     60.

     65.

     50.

     49.

     53.

     74.

     43.

     59.

     56.

     58.

     58.

     58.

     60.

     58.

     56.

     61.

     49.

     45.

     43.

     47.

     52.

     52.

     60.

     72.

     50.

     64.

     58.

     62.

     70.

     64.

     48.

     54.

     59.

     62.

     49.

     59.

     50.

     51.

     47.

     47.

     68.

     62.

     54.

     65.

     59.

     63.

     51.

     51.

     51.

     47.

     55.

     51.

     46.

     40.

     63.

     55.

     58.

     54.

     47.

     46.

     54.

     50.

     49.

     68.

     51.

     35.

     52.

     45.

     42.

     45.

     62.

     49.

     43.

     54.

     52.

     45.

     53.

     47.

     50.

     44.

     44.

     58.

     47.

     60.

     46.

     47.

     63.

     46.

     51.

     61.

     54.

     48.

     56.

     50.

     40.

     55.

     46.

     54.

     61.

     58.

     58.

     49.

     50.

     51.

     42.

     49.

     56.

     61.

     43.

     49.

     37.

     54.

     45.

     59.

     53.

     65.

     47.

     56.

     61.

     46.

     51.

     46.

     56.

     45.

     50.

     59.

     43.

     45.

     41.

     53.

     53.

     51.

     46.

     56.

     36.

     54.

     67.

     53.

     61.

     43.

     48.

     47.

     61.

     51.

     55.

     55.

     47.

     50.

     47.

     56.

     51.

     46.

     57.

     57.

     46.

     45.

     46.

     52.

     64.

     34.

     56.

     58.

     60.

     55.

     70.

     68.

     61.

     53.

     46.

     41.

     53.

     37.

     69.

     52.

     50.

     46.

     59.

     58.

     61.

     53.

     59.

     48.

     57.

     53.

     43.

     50.

     57.

     43.

     54.

     54.

     57.

     44.

     49.

     59.

     56.

     50.

     50.

     50.

     47.

     55.

     48.

     50.

     57.

     50.

     56.

     35.

     53.

     52.

     56.

     45.

     42.

     53.

     68.

     43.

     45.

     42.

     51.

     55.

     62.

     49.

     44.

     39.

     53.

     35.

     53.

     40.

     53.

     37.

     59.

     49.

     52.

     39.

     50.

     44.

     56.

     36.

     52.

     47.

     65.

     56.

     67.

     45.

     55.

     51.

     52.

     51.

     55.

     58.

     45.

     56.

     63.

     42.

     53.

     58.

     48.

     51.

     61.

     40.

     42.

     49.

     60.

     52.

     48.

     43.

     34.

     44.

     49.

     59.

     56.

     52.

     43.

     53.

     49.

     49.

     43.

     54.

     59.

     44.

     47.

     70.

     51.

     56.

     53.

     50.

     57.

     42.

     65.

     54.

     43.

     53.

     59.

     48.

     52.

     42.

     50.

     60.

     61.

     65.

     46.

     50.

     49.

     45.

     52.

     53.

     56.

     58.

     56.

     51.

     52.

     47.

     54.

     59.

     48.

     62.

     59.

     47.

     56.

     48.

     67.

     82.

     75.

     57.

     54.

     65.

     69.

     59.

     58.

     70.

     89.

     74.

     73.

     79.

     66.

     90.

     92.

    115.

     99.

    101.

    127.

    135.

    126.

    144.

    180.

    169.

    207.

    237.

    299.

    328.

    374.

    410.

    370.

    422.

    398.

    356.

    319.

    325.

    289.

    270.

    283.

    247.

    230.

    263.

    239.

    247.

    233.

    240.

    215.

    197.

    167.

    126.

    124.

    139.

    108.

     95.

     98.

     84.

     79.

     74.

     65.

     83.

     61.

     72.

     66.

     58.

     52.

     75.

     56.

     59.

     52.

     59.

     76.

     44.

     68.

     70.

     55.

     62.

     57.

     48.

     41.

     63.

     52.

     63.

     70.

     69.

     47.

     64.

     64.

     67.

     73.

     50.

     62.

     77.

     84.

    103.

     93.

    100.

    111.

     90.

     82.

     96.

     78.

     68.

     56.

     64.

     44.

     52.

     60.

     46.

     62.

     74.

     45.

     60.

     66.

     49.

     54.

     58.

     45.

     40.

     65.

     42.

     49.

     45.

     57.

     50.

     50.

     58.

     55.

     51.

     44.

     51.

     42.

     56.

     61.

     59.

     50.

     45.

     62.

     52.

     60.

     44.

     53.

     54.

     51.

     51.

     50.

     58.

     55.

     58.

     62.

     64.

     47.

     57.

     43.

     36.

     51.

     56.

     42.

     53.

     62.

     68.

     56.

     48.

     72.

     46.

     47.

     59.

     55.

     57.

     46.

     55.

     52.

     52.

     57.

     61.

     46.

     39.

     52.

     56.

     62.

     52.

     37.

     58.

     52.

     52.

     45.

     65.

     50.

     46.

     58.

     40.

     51.

     56.

     50.

     45.

     52.

     53.

     46.

     51.

     58.

     54.

     55.

     44.

     62.

     52.

     51.

     51.

     58.

     51.

     50.

     48.

     53.

     56.

     58.

     56.

     51.

     51.

     63.

     42.

     47.

     60.

     36.

     38.

     45.

     41.

     64.

     46.

     47.

     58.

     49.

     51.

     44.

     47.

     57.

     55.

     58.

     44.

     49.

     58.

     40.

     36.

     62.

     56.

     40.

     47.

     50.

     60.

     45.

     43.

     48.

     40.

     51.

     40.

     53.

     54.

     50.

     48.

     53.

     45.

     49.

     55.

     40.

     35.

     43.

     41.

     42.

     38.

     48.

     50.

     49.

     58.

     57.

     56.

     45.

     59.

     58.

     50.

     46.

     49.

     53.

     47.

     43.

     44.

     55.

     53.

     42.

     48.

     55.

     47.

     55.

     47.

     57.

     45.

     72.

     73.

     60.

     72.

     64.

     46.

     63.

     55.

     73.

     66.

     63.

     52.

     50.

     57.

     67.

     67.

     42.

     43.

     44.

     50.

     49.

     34.

     53.

     55.

     41.

     52.

     47.

     54.

     43.

     40.

     47.

     46.

     33.

     60.

     42.

     63.

     44.

     47.

     54.

     65.

     51.

     51.

     52.

     52.

     38.

     66.

     57.

     57.

     60.

     53.

     56.

     58.

     48.

     51.

     49.

     47.

     57.

     42.

     54.

     46.

     46.

     61.

     51.

     53.

     53.

     37.

     46.

     51.

     43.

     46.

     47.

     51.

     37.

     58.

     48.

     53.

     55.

     46.

     53.

     49.

     49.

     54.

     49.

     52.

     46.

     39.

     53.

     58.

     57.

     35.

     53.

     52.

     65.

     64.

     60.

     48.

     43.

     37.

     52.

     55.

     49.

     53.

     61.

     41.

     65.

     52.

     50.

     47.

     49.

     45.

     46.

     50.

     45.

     49.

     50.

     58.

     48.

     44.

     49.

     40.

     58.

     56.

     61.

     48.

     43.

     65.

     43.

     53.

     47.

     50.

     50.

     51.

     55.

     49.

     44.

     38.

     50.

     43.

     68.

     49.

     49.

     49.

     61.

     45.

     59.

     44.

     45.

     47.

     54.

     43.

     40.

     48.

     45.

     36.

     52.

     36.

     36.

     45.

     51.

     57.

     39.

     57.

     55.

     41.

     47.

     52.

     51.

     53.

     56.

     48.

     56.

     61.

     63.

     56.

     51.

     60.

     57.

     62.

     45.

     44.

     61.

     57.

     50.

     49.

     63.

     56.

     54.

     61.

     65.

     43.

     68.

     47.

     39.

     46.

     59.

     46.

     60.

     38.

     56.

     51.

     61.

     50.

     55.

     53.

     49.

     60.

     55.

     68.

     42.

     63.

     65.

     42.

     61.

     54.

     54.

     51.

     62.

     59.

     60.

     45.

     41.

     68.

     56.

     46.

     48.

     54.

     60.

     69.

     53.

     54.

     55.

     64.

     47.

     50.

     50.

     59.

     57.

     52.

     65.

     55.

     52.

     54.

     55.

     56.

     54.

     58.

     60.

     47.

     69.

     59.

     54.

     58.

     66.

     53.

     48.

     62.

     53.

     53.

     45.

     42.

     60.

     77.

     51.

     46.

     54.

     66.

     46.

     54.

     66.

     57.

     64.

     61.

     61.

     57.

     61.

     59.

     56.

     55.

     63.

     59.

     58.

     63.

     67.

     62.

     67.

     72.

     56.

     68.

     65.

     67.

     65.

     57.

     68.

     75.

     63.

     84.

     89.

     98.

     91.

    103.

     89.

    111.

    117.

    130.

    135.

    150.

    166.

    172.

    202.

    198.

    202.

    249.

    233.

    285.

    246.

    243.

    244.

    230.

    214.

    201.

    184.

    201.

    213.

    214.

    197.

    190.

    185.

    145.

    171.

    163.

    174.

    165.

    176.

    150.

    159.

    151.

    137.

    147.

    138.

    144.

    161.

    135.

    129.

    119.

    154.

    151.

    157.

    171.

    177.

    202.

    222.

    243.

    272.

    341.

    413.

    515.

    630.

    792.

   1004.

   1245.

   1556.

   1867.

   2137.

   2276.

   2275.

   2056.

   1573.

   1316.

   1032.

    806.

    722.

    655.

    681.

    798.

    873.

    958.

   1103.

   1188.

   1178.

   1101.

   1012.

    836.

    594.

    493.

    377.

    297.

    236.

    222.

    177.

    159.

    118.

    132.

    112.

    122.

    132.

    108.

     96.

     93.

     91.

     98.

     94.

     86.

     82.

     95.

     82.

     82.

     64.

     80.

     73.

     81.

     75.

     70.

     87.

     80.

     75.

     71.

     87.

     62.

     79.

     55.

     86.

     78.

     78.

     80.

     93.

     90.

     87.

     92.

     93.

     93.

    113.

    134.

    132.

    121.

    155.

    168.

    190.

    198.

    217.

    226.

    242.

    248.

    250.

    233.

    222.

    198.

    204.

    196.

    190.

    172.

    143.

    162.

    186.

    170.

    187.

    168.

    156.

    149.

    134.

    130.

    133.

    119.

    100.

    102.

     90.

     89.

    100.

     79.

     76.

     81.

     71.

     72.

     73.

     61.

     79.

     80.

     74.

     61.

     61.

     83.

     66.

     67.

     56.

     52.

     57.

     51.

     54.

     75.

     54.

     56.

     46.

     57.

     53.

     62.

     68.

     59.

     77.

     46.

     53.

     50.

     63.

     66.

     71.

     52.

     48.

     54.

     53.

     68.

     64.

     50.

     66.

     66.

     67.

     52.

     56.

     62.

     55.

     55.

     61.

     64.

     69.

     54.

     64.

     53.

     64.

     52.

     68.

     58.

     44.

     55.

     63.

     39.

     64.

     58.

     52.

     69.

     67.

     49.

     64.

     61.

     55.

     68.

     53.

     63.

     54.

     56.

     59.

     67.

     48.

     57.

     53.

     64.

     50.

     50.

     68.

     65.

     60.

     55.

     56.

     72.

     63.

     55.

     70.

     59.

     83.

     73.

     62.

     75.

     62.

     71.

     60.

     48.

     79.

     71.

     65.

     66.

     82.

     81.

     79.

     75.

     97.

     93.

    115.

    112.

    136.

    129.

    152.

    207.

    261.

    282.

    416.

    474.

    662.

    747.

    754.

    815.

    723.

    588.

    438.

    367.

    284.

    231.

    210.

    229.

    215.

    234.

    286.

    315.

    381.

    404.

    471.

    416.

    337.

    323.

    221.

    192.

    150.

    117.

     94.

     97.

     83.

     79.

     80.

     73.

     67.

     72.

     46.

     63.

     74.

     57.

     60.

     48.

     75.

     63.

     54.

     55.

     45.

     47.

     63.

     61.

     65.

     64.

     53.

     53.

     55.

     68.

     48.

     51.

     50.

     45.

     50.

     62.

     52.

     58.

     48.

     63.

     62.

     62.

     68.

     47.

     61.

     63.

     59.

     57.

     59.

     58.

     58.

     64.

     53.

     44.

     57.

     60.

     44.

     54.

     52.

     56.

     56.

     45.

     55.

     60.

     59.

     49.

     47.

     48.

     58.

     59.

     56.

     46.

     40.

     52.

     56.

     65.

     51.

     41.

     45.

     46.

     68.

     46.

     44.

     58.

     58.

     54.

     49.

     37.

     59.

     47.

     57.

     52.

     47.

     46.

     53.

     52.

     48.

     53.

     44.

     56.

     38.

     47.

     47.

     43.

     51.

     47.

     50.

     51.

     42.

     53.

     62.

     59.

     49.

     63.

     43.

     35.

     52.

     48.

     62.

     39.

     53.

     50.

     48.

     50.

     44.

     56.

     52.

     44.

     40.

     34.

     42.

     53.

     49.

     44.

     53.

     52.

     49.

     62.

     43.

     55.

     53.

     57.

     42.

     51.

     47.

     42.

     57.

     58.

     53.

     46.

     49.

     42.

     40.

     45.

     56.

     35.

     43.

     54.

     59.

     40.

     65.

     44.

     54.

     45.

     46.

     50.

     41.

     41.

     49.

     42.

     46.

     48.

     48.

     36.

     45.

     51.

     53.

     56.

     51.

     47.

     49.

     51.

     55.

     52.

     48.

     45.

     51.

     36.

     54.

     45.

     48.

     50.

     50.

     55.

     48.

     48.

     50.

     56.

     54.

     55.

     57.

     44.

     49.

     51.

     62.

     49.

     45.

     60.

     52.

     55.

     53.

     40.

     49.

     50.

     42.

     75.

     49.

     46.

     53.

     62.

     49.

     50.

     52.

     50.

     45.

     52.

     55.

     47.

     39.

     44.

     53.

     51.

     43.

     51.

     50.

     37.

     46.

     49.

     49.

     45.

     54.

     58.

     43.

     42.

     49.

     55.

     56.

     47.

     46.

     54.

     46.

     48.

     47.

     60.

     53.

     51.

     60.

     55.

     50.

     36.

     48.

     61.

     53.

     52.

     43.

     42.

     54.

     53.

     56.

     36.

     57.

     46.

     53.

     43.

     48.

     56.

     54.

     40.

     54.

     39.

     48.

     55.

     52.

     43.

     45.

     50.

     38.

     52.

     53.

     44.

     41.

     48.

     47.

     51.

     49.

     64.

     57.

     48.

     52.

     44.

     55.

     52.

     64.

     50.

     62.

     36.

     52.

     42.

     60.

     39.

     50.

     60.

     52.

     47.

     54.

     44.

     49.

     53.

     43.

     45.

     50.

     57.

     51.

     51.

     45.

     45.

     34.

     39.

     51.

     46.

     33.

     55.

     35.

     50.

     39.

     46.

     38.

     45.

     45.

     54.

     53.

     51.

     49.

     57.

     47.

     39.

     40.

     39.

     59.

     58.

     49.

     46.

     43.

     49.

     61.

     53.

     48.

     43.

     49.

     50.

     36.

     53.

     44.

     55.

     48.

     49.

     51.

     54.

     50.

     54.

     51.

     55.

     39.

     53.

     45.

     51.

     46.

     41.

     56.

     45.

     58.

     40.

     72.

     45.

     50.

     36.

     64.

     51.

     60.

     44.

     47.

     55.

     46.

     48.

     48.

     32.

     40.

     48.

     39.

     55.

     54.

     41.

     48.

     52.

     40.

     46.

     39.

     41.

     44.

     54.

     56.

     57.

     61.

     45.

     47.

     47.

     49.

     49.

     51.

     52.

     65.

     56.

     52.

     49.

     54.

     52.

     45.

     59.

     39.

     58.

     47.

     47.

     52.

     49.

     39.

     52.

     55.

     59.

     50.

     55.

     49.

     47.

     57.

     79.

     56.

     49.

     40.

     43.

     62.

     48.

     54.

     50.

     53.

     45.

     59.

     50.

     51.

     44.

     52.

     47.

     46.

     51.

     45.

     53.

     56.

     59.

     57.

     54.

     64.

     61.

     67.

     57.

     66.

     69.

     85.

     63.

     66.

     53.

     59.

     67.

     49.

     58.

     38.

     50.

     61.

     54.

     52.

     49.

     57.

     53.

     49.

     45.

     46.

     39.

     54.

     59.

     50.

     55.

     54.

     71.

     41.

     55.

     44.

     47.

     50.

     64.

     45.

     58.

     47.

     59.

     57.

     46.

     62.

     61.

     62.

     75.

     62.

     55.

     66.

     62.

     72.

     52.

     71.

     78.

     81.

     79.

     63.

     77.

     71.

     88.

     66.

     70.

     87.

     88.

     81.

     71.

     96.

     84.

     73.

     73.

     71.

     65.

     54.

     71.

     60.

     75.

     74.

     70.

     61.

     73.

     77.

     71.

     59.

     73.

     60.

     68.

     69.

     71.

     73.

     75.

     58.

     69.

     70.

     73.

     65.

     72.

     71.

     84.

     94.

     84.

     99.

     96.

     99.

    126.

    116.

    134.

    150.

    177.

    184.

    198.

    211.

    238.

    269.

    287.

    292.

    314.

    347.

    374.

    392.

    433.

    414.

    378.

    343.

    310.

    267.

    254.

    205.

    200.

    155.

    200.

    181.

    186.

    189.

    202.

    231.

    241.

    220.

    202.

    201.

    197.

    144.

    137.

    134.

    119.

     82.

     98.

     66.

     83.

     82.

     67.

     77.

     72.

     67.

     56.

     70.

     58.

     63.

     59.

     71.

     45.

     54.

     63.

     56.

     53.

     48.

     70.

     44.

     58.

     56.

     49.

     58.

     55.

     65.

     49.

     51.

     45.

     39.

     45.

     37.

     46.

     51.

     47.

     47.

     48.

     58.

     55.

     51.

     50.

     53.

     65.

     42.

     43.

     47.

     58.

     57.

     45.

     50.

     47.

     54.

     57.

     49.

     40.

     51.

     42.

     56.

     55.

     47.

     53.

     48.

     49.

     40.

     49.

     49.

     54.

     44.

     43.

     44.

     61.

     55.

     58.

     48.

     50.

     51.

     59.

     62.

     51.

     58.

     58.

     57.

     59.

     68.

     39.

     68.

     61.

     76.

     77.

     80.

     93.

     59.

     87.

     84.

     77.

    121.

    116.

    131.

    170.

    203.

    241.

    291.

    295.

    356.

    378.

    325.

    291.

    262.

    234.

    203.

    159.

    125.

    142.

    124.

    127.

    117.

    140.

    140.

    172.

    180.

    200.

    221.

    195.

    168.

    168.

    179.

    118.

    129.

     96.

    103.

     73.

     67.

     75.

     56.

     60.

     68.

     60.

     58.

     56.

     59.

     59.

     54.

     56.

     52.

     49.

     52.

     59.

     50.

     43.

     41.

     59.

     40.

     65.

     54.

     53.

     60.

     42.

     51.

     50.

     44.

     39.

     49.

     53.

     46.

     45.

     45.

     41.

     42.

     46.

     52.

     40.

     41.

     39.

     41.

     48.

     54.

     44.

     54.

     57.

     59.

     53.

     46.

     48.

     37.

     52.

     62.

     44.

     43.

     41.

     45.

     57.

     39.

     51.

     37.

     42.

     49.

     31.

     40.

     64.

     45.

     46.

     48.

     52.

     44.

     36.

     48.

     41.

     48.

     56.

     51.

     48.

     65.

     37.

     55.

     45.

     29.

     38.

     56.

     46.

     42.

     45.

     48.

     55.

     53.

     39.

     45.

     33.

     45.

     44.

     58.

     40.

     48.

     49.

     52.

     37.

     54.

     54.

     45.

     48.

     55.

     56.

     43.

     39.

     73.

     57.

     57.

     68.

     68.

     77.

     64.

     78.

     82.

     61.

     46.

     51.

     59.

     51.

     53.

     36.

     48.

     51.

     60.

     44.

     63.

     60.

     51.

     66.

     59.

     51.

     59.

     56.

     59.

     55.

     53.

     54.

     33.

     35.

     32.

     50.

     51.

     58.

     59.

     50.

     39.

     48.

     42.

     32.

     45.

     58.

     42.

     43.

     59.

     36.

     47.

     39.

     45.

     40.

     57.

     46.

     59.

     63.

     50.

     48.

     33.

     41.

     50.

     62.

     50.

     41.

     45.

     56.

     44.

     47.

     54.

     48.

     56.

     34.

     51.

     57.

     45.

     59.

     54.

     42.

     47.

     49.

     48.

     63.

     58.

     47.

     54.

     52.

     48.

     69.

     45.

     64.

     40.

     53.

     59.

     55.

     44.

     47.

     42.

     52.

     53.

     47.

     47.

     40.

     51.

     32.

     45.

     49.

     43.

     41.

     46.

     46.

     53.

     51.

     49.

     37.

     40.

     44.

     48.

     40.

     48.

     44.

     42.

     56.

     50.

     46.

     55.

     50.

     52.

     42.

     57.

     42.

     49.

     57.

     61.

     48.

     42.

     39.

     46.

     43.

     53.

     52.

     40.

     57.

     55.

     53.

     43.

     44.

     36.

     51.

     46.

     51.

     39.

     44.

     40.

     44.

     55.

     44.

     57.

     54.

     43.

     51.

     65.

     34.

     46.

     50.

     61.

     51.

     38.

     50.

     45.

     41.

     54.

     56.

     61.

     51.

     53.

     44.

     50.

     45.

     42.

     51.

     48.

     46.

     41.

     40.

     52.

     61.

     55.

     51.

     62.

     54.

     49.

     41.

     40.

     48.

     46.

     39.

     48.

     52.

     53.

     34.

     51.

     46.

     41.

     49.

     54.

     58.

     53.

     37.

     44.

     43.

     42.

     44.

     43.

     43.

     41.

     50.

     52.

     51.

     50.

     37.

     62.

     46.

     53.

     54.

     50.

     48.

     39.

     43.

     41.

     54.

     57.

     43.

     41.

     47.

     47.

     42.

     47.

     56.

     45.

     53.

     49.

     52.

     51.

     39.

     61.

     49.

     58.

     45.

     44.

     41.

     50.

     54.

     55.

     46.

     48.

     58.

     54.

     56.

     57.

     52.

     45.

     43.

     52.

     44.

     53.

     57.

     46.

     59.

     45.

     41.

     51.

     65.

     44.

     38.

     50.

     41.

     65.

     49.

     53.

     51.

     65.

     55.

     50.

     56.

     62.

     46.

     36.

     37.

     47.

     58.

     54.

     50.

     64.

     57.

     46.

     46.

     54.

     60.

     50.

     54.

     64.

     61.

     52.

     68.

     60.

     60.

     76.

     57.

     69.

     57.

     70.

     65.

     85.

     92.

     82.

    102.

    100.

    111.

    118.

    111.

    107.

    120.

    111.

    128.

    105.

    108.

    105.

    105.

     98.

     92.

    108.

     94.

     84.

    109.

    119.

    100.

    127.

    115.

    121.

    141.

    115.

    155.

    152.

    160.

    186.

    229.

    248.

    331.

    342.

    429.

    497.

    571.

    593.

    694.

    717.

    701.

    586.

    532.

    454.

    387.

    401.

    302.

    242.

    239.

    206.

    202.

    216.

    205.

    256.

    261.

    305.

    328.

    365.

    392.

    357.

    379.

    290.

    285.

    241.

    197.

    175.

    183.

    132.

    113.

    114.

     99.

     96.

     94.

     73.

     88.

     87.

     71.

     66.

     79.

     65.

     59.

     62.

     64.

     61.

     65.

     74.

     79.

     55.

     63.

     62.

     51.

     58.

     58.

     59.

     65.

     71.

     60.

     77.

     72.

     73.

     87.

     69.

     72.

     67.

     86.

     83.

     82.

    106.

    109.

    127.

    140.

    193.

    221.

    255.

    282.

    373.

    426.

    389.

    402.

    357.

    296.

    258.

    217.

    181.

    138.

    120.

    112.

     85.

    121.

    135.

    144.

    141.

    140.

    155.

    174.

    187.

    212.

    235.

    237.

    220.

    192.

    173.

    144.

    125.

    111.

     98.

     88.

     76.

     89.

     69.

     61.

     81.

     68.

     60.

     68.

     63.

     59.

     57.

     80.

     71.

     90.

     62.

     63.

     79.

     77.

     85.

     93.

    115.

    115.

    109.

     93.

    106.

    102.

    113.

     85.

     99.

     91.

    100.

     89.

     92.

    102.

     85.

     72.

     83.

     67.

     85.

     76.

     67.

     76.

     85.

     69.

     83.

     77.

     82.

     90.

     71.

     88.

     79.

     62.

     70.

     64.

     65.

     69.

     44.

     53.

     46.

     50.

     50.

     59.

     52.

     47.

     54.

     49.

     50.

     52.

     55.

     57.

     47.

     63.

     32.

     52.

     57.

     40.

     41.

     53.

     53.

     38.

     44.

     41.

     51.

     57.

     58.

     48.

     42.

     40.

     50.

     36.

     54.

     51.

     26.

     36.

     43.

     55.

     56.

     46.

     40.

     36.

     41.

     45.

     53.

     46.

     57.

     52.

     45.

     47.

     36.

     40.

     41.

     47.

     38.

     47.

     43.

     45.

     42.

     50.

     48.

     44.

     42.

     50.

     54.

     55.

     36.

     45.

     48.

     58.

     57.

     54.

     36.

     55.

     53.

     60.

     53.

     38.

     40.

     41.

     40.

     47.

     46.

     47.

     29.

     60.

     37.

     38.

     55.

     47.

     38.

     45.

     44.

     49.

     50.

     39.

     44.

     40.

     42.

     44.

     42.

     35.

     40.

     43.

     60.

     48.

     42.

     36.

     47.

     44.

     54.

     48.

     37.

     53.

     32.

     30.

     47.

     42.

     51.

     52.

     52.

     36.

     58.

     49.

     55.

     35.

     57.

     50.

     41.

     37.

     50.

     40.

     36.

     39.

     46.

     39.

     51.

     48.

     38.

     50.

     55.

     47.

     58.

     39.

     45.

     44.

     40.

     52.

     44.

     50.

     46.

     44.

     51.

     49.

     42.

     45.

     44.

     51.

     43.

     45.

     60.

     48.

     53.

     55.

     70.

     57.

     45.

     65.

     58.

     52.

     76.

     65.

     60.

     72.

     82.

     64.

     84.

     85.

     67.

     60.

     68.

     47.

     55.

     68.

     51.

     50.

     48.

     55.

     59.

     58.

     55.

     49.

     58.

     71.

     65.

     77.

     71.

     58.

     55.

     47.

     56.

     61.

     67.

     56.

     44.

     49.

     41.

     53.

     47.

     40.

     58.

     46.

     57.

     59.

     54.

     41.

     48.

     34.

     40.

     52.

     56.

     47.

     42.

     56.

     48.

     33.

     36.

     46.

     47.

     43.

     46.

     37.

     65.

     63.

     45.

     51.

     57.

     53.

     51.

     58.

     43.

     49.

     39.

     45.

     52.

     49.

     52.

     48.

     55.

     46.

     55.

     49.

     46.

     40.

     34.

     56.

     35.

     43.

     51.

     39.

     42.

     60.

     52.

     62.

     44.

     47.

     56.

     44.

     60.

     41.

     49.

     53.

     51.

     53.

     43.

     51.

     25.

     41.

     39.

     47.

     44.

     47.

     39.

     46.

     38.

     30.

     54.

     47.

     52.

     58.

     35.

     51.

     56.

     40.

     53.

     50.

     46.

     37.

     50.

     47.

     42.

     40.

     52.

     49.

     40.

     55.

     45.

     40.

     44.

     42.

     55.

     49.

     56.

     45.

     44.

     54.

     51.

     51.

     45.

     53.

     55.

     39.

     44.

     42.

     47.

     45.

     45.

     60.

     47.

     45.

     48.

     59.

     56.

     48.

     31.

     43.

     54.

     53.

     48.

     46.

     49.

     43.

     45.

     59.

     49.

     42.

     53.

     60.

     39.

     63.

     56.

     64.

     44.

     51.

     42.

     44.

     38.

     47.

     48.

     41.

     37.

     40.

     46.

     54.

     41.

     37.

     41.

     43.

     57.

     44.

     51.

     49.

     56.

     54.

     53.

     49.

     46.

     57.

     63.

     43.

     49.

     51.

     50.

     53.

     41.

     51.

     59.

     41.

     46.

     50.

     41.

     54.

     59.

     53.

     51.

     48.

     40.

     70.

     43.

     45.

     60.

     53.

     50.

     51.

     45.

     51.

     43.

     50.

     41.

     51.

     61.

     51.

     54.

     64.

     56.

     44.

     61.

     44.

     72.

     60.

     51.

     54.

     68.

     70.

     85.

     81.

     80.

    105.

     92.

    105.

     97.

    105.

    103.

    108.

    146.

    124.

    120.

    128.

    134.

    131.

     98.

    108.

    106.

    104.

     86.

     82.

    103.

     99.

     90.

     94.

     92.

     98.

    102.

     84.

     99.

     78.

     84.

     82.

     95.

     95.

     83.

     81.

     71.

     81.

     70.

     72.

     54.

     70.

     73.

     64.

     65.

     54.

     61.

     44.

     50.

     61.

     52.

     53.

     54.

     56.

     42.

     45.

     46.

     47.

     51.

     45.

     59.

     45.

     47.

     45.

     41.

     37.

     46.

     46.

     59.

     45.

     51.

     48.

     51.

     45.

     37.

     39.

     63.

     52.

     54.

     46.

     35.

     48.

     35.

     55.

     48.

     53.

     52.

     50.

     37.

     58.

     43.

     46.

     42.

     51.

     36.

     50.

     41.

     45.

     52.

     47.

     46.

     37.

     54.

     57.

     46.

     54.

     55.

     59.

     46.

     59.

     65.

     78.

     58.

     73.

     63.

     66.

     71.

     63.

     67.

     68.

     58.

     61.

     56.

     59.

     56.

     54.

     53.

     51.

     55.

     51.

     63.

     52.

     67.

     50.

     47.

     49.

     69.

     47.

     80.

     49.

     59.

     54.

     68.

     56.

     47.

     63.

     62.

     60.

     64.

     64.

     67.

     62.

     88.

     80.

     79.

     96.

    107.

    113.

    120.

    136.

    131.

    106.

    125.

    102.

     93.

     78.

     68.

     69.

     67.

     60.

     59.

     61.

     56.

     41.

     63.

     59.

     52.

     63.

     75.

     63.

     76.

     64.

     70.

     95.

     59.

     88.

     59.

     66.

     59.

     67.

     61.

     58.

     52.

     48.

     48.

     56.

     42.

     44.

     42.

     43.

     54.

     45.

     40.

     39.

     36.

     51.

     56.

     49.

     46.

     50.

     36.

     47.

     53.

     48.

     43.

     43.

     50.

     46.

     40.

     55.

     57.

     43.

     51.

     50.

     43.

     63.

     43.

     38.

     32.

     52.

     50.

     42.

     51.

     38.

     47.

     49.

     46.

     52.

     42.

     56.

     51.

     53.

     54.

     58.

     55.

     52.

     36.

     46.

     47.

     64.

     37.

     45.

     43.

     47.

     54.

     40.

     46.

     47.

     40.

     46.

     42.

     42.

     63.

     43.

     28.

     33.

     38.

     39.

     42.

     51.

     52.

     42.

     42.

     48.

     42.

     53.

     44.

     44.

     49.

     48.

     40.

     65.

     43.

     40.

     34.

     38.

     46.

     50.

     52.

     56.

     46.

     50.

     52.

     41.

     54.

     42.

     44.

     48.

     59.

     57.

     48.

     58.

     39.

     43.

     51.

     46.

     45.

     36.

     48.

     41.

     33.

     46.

     40.

     46.

     51.

     45.

     49.

     44.

     43.

     39.

     31.

     47.

     48.

     44.

     44.

     52.

     43.

     42.

     49.

     44.

     40.

     50.

     47.

     39.

     43.

     35.

     55.

     35.

     62.

     42.

     28.

     38.

     42.

     35.

     45.

     49.

     51.

     54.

     44.

     37.

     42.

     39.

     41.

     48.

     36.

     48.

     42.

     48.

     44.

     53.

     36.

     37.

     32.

     38.

     34.

     30.

     49.

     52.

     44.

     47.

     39.

     35.

     40.

     45.

     40.

     45.

     44.

     46.

     47.

     40.

     55.

     41.

     45.

     46.

     31.

     41.

     39.

     33.

     53.

     34.

     55.

     37.

     40.

     49.

     38.

     47.

     42.

     42.

     52.

     48.

     38.

     41.

     50.

     46.

     41.

     48.

     44.

     36.

     44.

     41.

     65.

     54.

     48.

     52.

     41.

     44.

     46.

     60.

     48.

     43.

     58.

     45.

     50.

     48.

     55.

     38.

     36.

     28.

     54.

     47.

     46.

     38.

     37.

     47.

     50.

     45.

     43.

     44.

     39.

     28.

     43.

     43.

     41.

     47.

     42.

     39.

     46.

     47.

     28.

     57.

     48.

     39.

     25.

     39.

     48.

     52.

     43.

     50.

     55.

     44.

     40.

     54.

     45.

     54.

     46.

     52.

     41.

     37.

     49.

     48.

     49.

     54.

     46.

     46.

     44.

     46.

     55.

     50.

     55.

     47.

     44.

     45.

     56.

     57.

     56.

     57.

     70.

     53.

     71.

     72.

     75.

     78.

     80.

     74.

     61.

     60.

     57.

     52.

     47.

     65.

     46.

     51.

     52.

     58.

     39.

     54.

     41.

     55.

     49.

     48.

     49.

     83.

     65.

     75.

     57.

     73.

     47.

     55.

     55.

     39.

     52.

     47.

     35.

     42.

     52.

     37.

     47.

     40.

     35.

     43.

     46.

     37.

     44.

     50.

     44.

     55.

     35.

     46.

     49.

     36.

     56.

     37.

     41.

     43.

     50.

     51.

     49.

     34.

     35.

     53.

     58.

     40.

     46.

     45.

     55.

     54.

     47.

     53.

     39.

     53.

     36.

     54.

     58.

     28.

     45.

     43.

     44.

     49.

     52.

     54.

     54.

     55.

     50.

     42.

     45.

     46.

     39.

     48.

     42.

     61.

     45.

     40.

     36.

     62.

     41.

     42.

     70.

     45.

     50.

     44.

     42.

     40.

     40.

     49.

     48.

     41.

     40.

     55.

     49.

     51.

     36.

     32.

     41.

     44.

     36.

     48.

     48.

     38.

     31.

     53.

     54.

     48.

     55.

     46.

     43.

     46.

     38.

     48.

     42.

     27.

     50.

     43.

     46.

     40.

     52.

     39.

     47.

     36.

     34.

     36.

     46.

     40.

     28.

     44.

     41.

     52.

     47.

     44.

     48.

     40.

     50.

     69.

     49.

     55.

     45.

     39.

     42.

     40.

     51.

     42.

     41.

     32.

     52.

     48.

     51.

     54.

     46.

     42.

     40.

     44.

     41.

     42.

     47.

     43.

     46.

     58.

     47.

     56.

     50.

     45.

     51.

     39.

     46.

     48.

     51.

     38.

     54.

     47.

     55.

     44.

     49.

     45.

     42.

     49.

     49.

     43.

     47.

     58.

     47.

     42.

     51.

     38.

     49.

     42.

     50.

     36.

     44.

     55.

     46.

     57.

     42.

     41.

     43.

     48.

     52.

     52.

     51.

     36.

     49.

     64.

     54.

     55.

     48.

     52.

     51.

     49.

     51.

     53.

     53.

     50.

     35.

     57.

     57.

     51.

     50.

     60.

     61.

     75.

     72.

     75.

     85.

     74.

     76.

     95.

     82.

    108.

    119.

    141.

    144.

    173.

    182.

    185.

    178.

    170.

    180.

    147.

    138.

    100.

    102.

     93.

     94.

     67.

     69.

     69.

     78.

     77.

     66.

     68.

     67.

     89.

    113.

     94.

    106.

    120.

    119.

    138.

    143.

    134.

    154.

    124.

    151.

    120.

    122.

     96.

     89.

     95.

    100.

     86.

     93.

     97.

     89.

     86.

     94.

     86.

     76.

     68.

     79.

     75.

     73.

     63.

     68.

     71.

     68.

     66.

     77.

     72.

     64.

     69.

     71.

     45.

     63.

     88.

     71.

     83.

     65.

     66.

     66.

     76.

     74.

     53.

     68.

     78.

     59.

     54.

     52.

     57.

     59.

     70.

     46.

     64.

     55.

     53.

     78.

     56.

     54.

     62.

     39.

     53.

     65.

     54.

     73.

     49.

     51.

     59.

     49.

     54.

     60.

     57.

     59.

     70.

     50.

     48.

     52.

     54.

     32.

     44.

     55.

     47.

     51.

     56.

     44.

     51.

     43.

     68.

     53.

     46.

     57.

     44.

     47.

     39.

     43.

     65.

     53.

     57.

     49.

     52.

     55.

     47.

     45.

     49.

     37.

     53.

     36.

     50.

     47.

     42.

     45.

     46.

     42.

     57.

     54.

     52.

     50.

     53.

     46.

     42.

     49.

     57.

     40.

     64.

     54.

     45.

     37.

     52.

     58.

     51.

     73.

     49.

     57.

     44.

     55.

     40.

     49.

     45.

     48.

     52.

     43.

     43.

     55.

     56.

     49.

     41.

     46.

     46.

     49.

     58.

     47.

     52.

     51.

     51.

     45.

     50.

     70.

     58.

     72.

     51.

     75.

     71.

     84.

     97.

    115.

     91.

    115.

    115.

    109.

    108.

    103.

     86.

     82.

     91.

     95.

     73.

     86.

     70.

     67.

     83.

     58.

     55.

     62.

     56.

     66.

     73.

     62.

     77.

     66.

     87.

     73.

     74.

     77.

     86.

     70.

     85.

     60.

     69.

     68.

     72.

     55.

     53.

     69.

     65.

     45.

     53.

     50.

     47.

     46.

     55.

     57.

     46.

     46.

     54.

     45.

     47.

     60.

     44.

     48.

     53.

     49.

     46.

     38.

     60.

     37.

     41.

     39.

     49.

     50.

     47.

     48.

     59.

     37.

     32.

     59.

     44.

     45.

     45.

     42.

     48.

     56.

     35.

     47.

     48.

     47.

     38.

     41.

     55.

     45.

     51.

     46.

     37.

     38.

     38.

     43.

     43.

     42.

     45.

     41.

     56.

     44.

     55.

     50.

     41.

     58.

     44.

     50.

     47.

     36.

     40.

     47.

     50.

     43.

     38.

     48.

     41.

     42.

     53.

     39.

     52.

     44.

     44.

     37.

     39.

     43.

     41.

     37.

     37.

     49.

     42.

     50.

     44.

     49.

     44.

     48.

     40.

     40.

     43.

     44.

     42.

     51.

     42.

     45.

     47.

     36.

     52.

     40.

     43.

     42.

     50.

     44.

     48.

     40.

     29.

     32.

     47.

     33.

     40.

     48.

     45.

     38.

     42.

     43.

     50.

     49.

     43.

     42.

     53.

     53.

     44.

     38.

     44.

     34.

     48.

     40.

     39.

     56.

     33.

     56.

     40.

     47.

     46.

     41.

     48.

     45.

     40.

     37.

     43.

     44.

     53.

     57.

     41.

     45.

     38.

     35.

     49.

     53.

     41.

     52.

     37.

     49.

     57.

     38.

     45.

     46.

     50.

     48.

     37.

     40.

     33.

     50.

     51.

     54.

     45.

     43.

     53.

     52.

     43.

     39.

     35.

     46.

     42.

     50.

     43.

     42.

     39.

     41.

     63.

     43.

     53.

     49.

     43.

     31.

     40.

     37.

     43.

     41.

     46.

     44.

     48.

     33.

     43.

     52.

     37.

     51.

     43.

     51.

     52.

     53.

     46.

     32.

     58.

     46.

     48.

     44.

     48.

     38.

     44.

     53.

     45.

     43.

     44.

     53.

     37.

     47.

     40.

     37.

     52.

     50.

     26.

     47.

     42.

     46.

     44.

     47.

     45.

     46.

     46.

     44.

     49.

     44.

     44.

     57.

     47.

     44.

     32.

     46.

     48.

     47.

     52.

     43.

     56.

     42.

     40.

     48.

     57.

     57.

     42.

     50.

     44.

     48.

     41.

     43.

     42.

     46.

     36.

     52.

     48.

     45.

     39.

     46.

     49.

     48.

     52.

     39.

     37.

     40.

     47.

     52.

     54.

     51.

     53.

     60.

     57.

     65.

     55.

     54.

     56.

     60.

     79.

     68.

     72.

     58.

     48.

     66.

     76.

     57.

     54.

     59.

     63.

     36.

     48.

     42.

     39.

     62.

     56.

     63.

     39.

     39.

     63.

     48.

     60.

     58.

     55.

     55.

     55.

     56.

     54.

     53.

     55.

     44.

     57.

     45.

     54.

     56.

     44.

     47.

     47.

     48.

     43.

     48.

     53.

     38.

     38.

     46.

     56.

     60.

     38.

     45.

     46.

     43.

     43.

     44.

     35.

     46.

     40.

     52.

     52.

     53.

     57.

     54.

     47.

     51.

     43.

     47.

     41.

     52.

     44.

     41.

     40.

     44.

     45.

     43.

     40.

     42.

     36.

     57.

     49.

     41.

     56.

     45.

     46.

     43.

     38.

     51.

     49.

     53.

     47.

     45.

     54.

     38.

     50.

     40.

     49.

     42.

     42.

     38.

     40.

     46.

     52.

     56.

     41.

     39.

     35.

     41.

     41.

     55.

     36.

     41.

     36.

     39.

     50.

     56.

     53.

     43.

     41.

     45.

     46.

     54.

     52.

     50.

     32.

     35.

     45.

     50.

     51.

     49.

     37.

     41.

     46.

     28.

     41.

     36.

     47.

     42.

     46.

     47.

     53.

     42.

     48.

     42.

     50.

     34.

     31.

     47.

     50.

     48.

     48.

     44.

     37.

     54.

     41.

     53.

     45.

     68.

     56.

     43.

     45.

     54.

     52.

     51.

     44.

     48.

     58.

     30.

     38.

     54.

     42.

     47.

     45.

     43.

     49.

     51.

     36.

     46.

     47.

     46.

     51.

     55.

     45.

     61.

     59.

     57.

     44.

     52.

     55.

     62.

     65.

     71.

     70.

     54.

     82.

     73.

     77.

     86.

     85.

     81.

    111.

    124.

    117.

    160.

    166.

    190.

    218.

    240.

    274.

    247.

    262.

    212.

    216.

    194.

    143.

    149.

    105.

    107.

    110.

     82.

     81.

     72.

     83.

     71.

     72.

     80.

     77.

     61.

     81.

     75.

    105.

     83.

    133.

    102.

    157.

    131.

    146.

    159.

    139.

    134.

    111.

    111.

     85.

    111.

     90.

     71.

     84.

     55.

     56.

     61.

     63.

     54.

     48.

     53.

     60.

     68.

     67.

     54.

     46.

     55.

     51.

     51.

     47.

     47.

     49.

     48.

     57.

     43.

     46.

     49.

     45.

     49.

     50.

     41.

     54.

     47.

     49.

     47.

     53.

     43.

     48.

     45.

     45.

     55.

     49.

     37.

     52.

     35.

     56.

     46.

     49.

     43.

     59.

     48.

     53.

     44.

     45.

     44.

     37.

     48.

     55.

     53.

     45.

     54.

     53.

     49.

     47.

     65.

     45.

     67.

     54.

     51.

     55.

     56.

     68.

     52.

     71.

     89.

     98.

    100.

     96.

    101.

    125.

    131.

    139.

    150.

    176.

    155.

    136.

    117.

    120.

    100.

     93.

     78.

     95.

     77.

     70.

     62.

     75.

     72.

     45.

     52.

     58.

     58.

     72.

     68.

     55.

     57.

     77.

     76.

     92.

     89.

     84.

    111.

    106.

    101.

    100.

     80.

     86.

     79.

     78.

     62.

     58.

     55.

     66.

     48.

     61.

     60.

     45.

     53.

     45.

     48.

     55.

     43.

     57.

     41.

     58.

     53.

     38.

     56.

     44.

     43.

     50.

     48.

     37.

     50.

     52.

     48.

     46.

     46.

     44.

     41.

     37.

     37.

     42.

     41.

     52.

     37.

     45.

     51.

     46.

     37.

     37.

     53.

     59.

     51.

     43.

     33.

     48.

     40.

     40.

     35.

     41.

     38.

     49.

     47.

     55.

     34.

     40.

     43.

     48.

     41.

     50.

     59.

     48.

     45.

     41.

     51.

     39.

     50.

     37.

     41.

     46.

     63.

     55.

     48.

     47.

     37.

     42.

     41.

     42.

     39.

     48.

     43.

     32.

     42.

     44.

     50.

     45.

     33.

     33.

     48.

     39.

     54.

     48.

     39.

     45.

     33.

     45.

     38.

     59.

     30.

     38.

     48.

     42.

     48.

     43.

     60.

     52.

     47.

     29.

     42.

     39.

     44.

     57.

     50.

     36.

     48.

     46.

     28.

     38.

     42.

     50.

     41.

     47.

     53.

     35.

     37.

     52.

     37.

     42.

     51.

     42.

     45.

     46.

     49.

     55.

     50.

     34.

     46.

     37.

     37.

     58.

     43.

     28.

     37.

     39.

     23.

     47.

     47.

     53.

     38.

     40.

     56.

     46.

     40.

     45.

     41.

     37.

     42.

     57.

     35.

     44.

     50.

     57.

     40.

     55.

     41.

     40.

     44.

     50.

     36.

     60.

     46.

     30.

     35.

     43.

     44.

     39.

     47.

     46.

     60.

     45.

     38.

     39.

     46.

     51.

     35.

     37.

     44.

     49.

     47.

     49.

     39.

     40.

     48.

     39.

     47.

     40.

     47.

     48.

     52.

     45.

     37.

     46.

     45.

     40.

     52.

     47.

     54.

     50.

     50.

     51.

     42.

     38.

     47.

     48.

     48.

     56.

     53.

     28.

     50.

     41.

     44.

     42.

     41.

     41.

     38.

     40.

     60.

     42.

     53.

     43.

     45.

     46.

     33.

     54.

     44.

     36.

     55.

     51.

     50.

     49.

     48.

     50.

     47.

     47.

     36.

     42.

     55.

     47.

     45.

     56.

     42.

     41.

     57.

     51.

     39.

     56.

     44.

     45.

     45.

     38.

     52.

     55.

     50.

     45.

     54.

     53.

     47.

     46.

     32.

     41.

     47.

     46.

     38.

     36.

     50.

     48.

     52.

     42.

     47.

     42.

     52.

     66.

     39.

     53.

     41.

     59.

     52.

     44.

     47.

     48.

     55.

     56.

     43.

     51.

     50.

     47.

     64.

     52.

     53.

     51.

     54.

     45.

     43.

     60.

     46.

     59.

     63.

     63.

     57.

     74.

     55.

     55.

     62.

     60.

     59.

     49.

     55.

     53.

     62.

     57.

     42.

     52.

     55.

     49.

     61.

     64.

     52.

     47.

     43.

     56.

     48.

     44.

     33.

     41.

     47.

     42.

     71.

     68.

     60.

     49.

     46.

     57.

     55.

     71.

     52.

     55.

     57.

     49.

     45.

     49.

     49.

     48.

     55.

     51.

     49.

     56.

     68.

     47.

     55.

     50.

     59.

     44.

     49.

     38.

     42.

     43.

     33.

     36.

     48.

     68.

     59.

     58.

     53.

     54.

     34.

     53.

     51.

     58.

     61.

     52.

     47.

     45.

     55.

     51.

     41.

     39.

     50.

     58.

     50.

     54.

     53.

     51.

     66.

     66.

     62.

     69.

     53.

     47.

     64.

     68.

     66.

     77.

     89.

     92.

     82.

     91.

     94.

    111.

    114.

    130.

    135.

    172.

    180.

    179.

    193.

    199.

    204.

    207.

    216.

    205.

    218.

    198.

    178.

    150.

    140.

    156.

    136.

    100.

     98.

     94.

     95.

     83.

     76.

     86.

     98.

     84.

     91.

     88.

     79.

     86.

     89.

     90.

     97.

    102.

    118.

    133.

    117.

    131.

    133.

    136.

    122.

    112.

    132.

     95.

    119.

    103.

     96.

     93.

    101.

     72.

     82.

     66.

     72.

     52.

     61.

     64.

     56.

     53.

     55.

     62.

     81.

     68.

     52.

     61.

     54.

     70.

     68.

     81.

     63.

     58.

     88.

     76.

     80.

     92.

    116.

    115.

    136.

    139.

    170.

    183.

    158.

    155.

    150.

    182.

    175.

    156.

    134.

    125.

    122.

    112.

    104.

     89.

     86.

     76.

     61.

     79.

     63.

     79.

     76.

     78.

     59.

     77.

     76.

     62.

     63.

     59.

     95.

     97.

     88.

     98.

    109.

    130.

    106.

    109.

    122.

    110.

    103.

     76.

     88.

     83.

     87.

     57.

     89.

     62.

     62.

     55.

     66.

     53.

     52.

     63.

     62.

     53.

     49.

     50.

     59.

     36.

     55.

     48.

     51.

     45.

     38.

     44.

     40.

     36.

     48.

     39.

     49.

     43.

     53.

     50.

     55.

     47.

     40.

     43.

     53.

     44.

     50.

     57.

     36.

     36.

     36.

     55.

     42.

     51.

     41.

     41.

     53.

     44.

     49.

     49.

     56.

     40.

     49.

     50.

     47.

     49.

     56.

     48.

     66.

     45.

     47.

     46.

     55.

     53.

     45.

     58.

     58.

     52.

     60.

     60.

     61.

     85.

     85.

     97.

     85.

     93.

     88.

    111.

    117.

    108.

    101.

    104.

    118.

    103.

     98.

     87.

     86.

     54.

     55.

     81.

     77.

     55.

     58.

     86.

     63.

     44.

     54.

     52.

     53.

     56.

     47.

     55.

     61.

     67.

     83.

     84.

     71.

     63.

     85.

     77.

     71.

     91.

     80.

     73.

     73.

     71.

     68.

     69.

     63.

     80.

     65.

     48.

     40.

     59.

     60.

     46.

     45.

     51.

     47.

     51.

     58.

     48.

     52.

     56.

     45.

     41.

     35.

     51.

     58.

     49.

     61.

     50.

     50.

     38.

     41.

     47.

     47.

     50.

     49.

     41.

     43.

     49.

     48.

     38.

     58.

     54.

     45.

     61.

     52.

     39.

     47.

     33.

     51.

     58.

     60.

     50.

     58.

     53.

     49.

     56.

     64.

     53.

     55.

     60.

     53.

     51.

     54.

     53.

     60.

     58.

     45.

     55.

     46.

     44.

     46.

     41.

     49.

     61.

     51.

     47.

     53.

     53.

     49.

     53.

     55.

     51.

     66.

     58.

     57.

     50.

     54.

     49.

     44.

     63.

     46.

     52.

     44.

     57.

     52.

     61.

     60.

     58.

     49.

     51.

     41.

     46.

     54.

     44.

     44.

     52.

     44.

     52.

     55.

     42.

     59.

     48.

     48.

     43.

     60.

     36.

     43.

     51.

     57.

     39.

     43.

     59.

     37.

     42.

     51.

     48.

     49.

     48.

     47.

     39.

     41.

     35.

     32.

     42.

     55.

     49.

     45.

     45.

     58.

     44.

     50.

     47.

     44.

     43.

     50.

     32.

     40.

     41.

     39.

     41.

     43.

     43.

     29.

     47.

     43.

     41.

     57.

     47.

     38.

     55.

     39.

     40.

     55.

     49.

     45.

     48.

     45.

     46.

     43.

     48.

     45.

     48.

     43.

     59.

     41.

     42.

     40.

     45.

     53.

     36.

     49.

     45.

     55.

     41.

     34.

     37.

     44.

     45.

     52.

     42.

     57.

     39.

     39.

     55.

     49.

     51.

     50.

     50.

     52.

     42.

     44.

     44.

     57.

     44.

     44.

     33.

     45.

     42.

     52.

     55.

     55.

     41.

     39.

     56.

     60.

     57.

     63.

     49.

     41.

     64.

     53.

     55.

     48.

     51.

     44.

     55.

     47.

     49.

     36.

     43.

     43.

     52.

     48.

     32.

     42.

     39.

     46.

     56.

     33.

     55.

     48.

     44.

     39.

     45.

     60.

     39.

     52.

     40.
